id_estate,estate_name,long_lat,lon,lat,precise,confidence,comprehension
7501,北京市朝阳区阳光上东滨河花园,"(116.4861501264839, 39.97291610927432)",116.4861501264839,39.97291610927432,1,70,100
7502,北京市西城区阳光丽景,"(116.39355629790687, 39.97113176127789)",116.39355629790687,39.97113176127789,0,50,100
7503,北京市大兴区阳光乐府,"(116.3346503632428, 39.738245686598276)",116.3346503632428,39.738245686598276,1,70,100
7504,北京市海淀区阳光北里,"(116.3430037061801, 40.043642963285926)",116.3430037061801,40.043642963285926,1,70,100
7505,北京市海淀区阳光南里,"(116.34530157167463, 40.039059679464366)",116.34530157167463,40.039059679464366,1,70,100
7506,北京市丰台区阳光四季,"(116.29981371624366, 39.84112069421211)",116.29981371624366,39.84112069421211,1,70,100
7507,北京市密云区阳光城君山墅,"(116.83455369649295, 40.45292049938661)",116.83455369649295,40.45292049938661,1,70,100
7508,北京市通州区阳光好东东,"(116.68647521961717, 39.90045325570398)",116.68647521961717,39.90045325570398,1,70,100
7509,北京市朝阳区阳光家园社区,"(116.56616228808818, 39.867985468572975)",116.56616228808818,39.867985468572975,1,70,100
7510,北京市朝阳区阳光广场,"(116.41561499817934, 40.004201472549425)",116.41561499817934,40.004201472549425,1,70,100
7511,北京市朝阳区阳光新干线,"(116.42272948798781, 40.00612940305253)",116.42272948798781,40.00612940305253,1,70,100
7512,北京市丰台区阳光星苑,"(116.37796153459256, 39.799379034621026)",116.37796153459256,39.799379034621026,0,50,100
7513,北京市丰台区阳光星苑北区,"(116.37759125306133, 39.799938092902586)",116.37759125306133,39.799938092902586,1,70,100
7514,北京市丰台区阳光星苑南区,"(116.37873299936452, 39.797613064977924)",116.37873299936452,39.797613064977924,1,70,100
7515,北京市顺义区阳光水岸,"(116.66504398574341, 40.14801508109512)",116.66504398574341,40.14801508109512,1,70,100
7516,北京市密云区阳光水岸家园,"(116.85135290783505, 40.40172104812181)",116.85135290783505,40.40172104812181,1,70,100
7517,北京市大兴区阳光波尔多小镇,"(116.64145376440699, 39.657110336984445)",116.64145376440699,39.657110336984445,1,70,100
7518,北京市朝阳区阳光空间,"(116.48677337084673, 40.00915648931875)",116.48677337084673,40.00915648931875,1,70,100
7519,北京市门头沟区阳光绿苑,"(116.1092562582426, 39.957380283808824)",116.1092562582426,39.957380283808824,1,70,100
7520,北京市丰台区阳光花园,"(116.38920966703573, 39.85111428867764)",116.38920966703573,39.85111428867764,1,70,100
7521,北京市顺义区阳光花园别墅,"(116.67644599792048, 40.17311142575983)",116.67644599792048,40.17311142575983,1,70,100
7522,北京市房山区阳光邑上,"(116.16616696653843, 39.73608210350678)",116.16616696653843,39.73608210350678,1,70,100
7523,北京市房山区阳光邑上别墅区,"(116.16616696653843, 39.73608210350678)",116.16616696653843,39.73608210350678,1,70,57
7524,北京市东城区阳光都市,"(116.4472435267107, 39.94149024615583)",116.4472435267107,39.94149024615583,1,70,100
7525,北京市朝阳区阳明国际公寓,"(116.43187441774049, 40.001250852661876)",116.43187441774049,40.001250852661876,1,70,100
7526,北京市朝阳区阳明广场,"(116.43112298518139, 40.001268124687535)",116.43112298518139,40.001268124687535,0,50,100
7527,北京市海淀区阳春光华家园,"(116.30717991125603, 39.972169848898936)",116.30717991125603,39.972169848898936,1,70,100
7528,北京市顺义区阳洲鑫园,"(116.83684168062688, 40.16406694571117)",116.83684168062688,40.16406694571117,1,70,100
7529,北京市东城区阳照胡同,"(116.43518790744459, 39.919561970260595)",116.43518790744459,39.919561970260595,0,30,100
7530,北京市顺义区阿凯笛亚别院,"(116.53530333788721, 40.12003594591461)",116.53530333788721,40.12003594591461,1,70,100
7531,北京市顺义区阿凯笛亚庄园,"(116.53530333788721, 40.12003594591461)",116.53530333788721,40.12003594591461,1,70,100
7532,北京市通州区阿尔法社区,"(116.65320836149671, 39.87726221583669)",116.65320836149671,39.87726221583669,1,70,100
7533,北京市通州区阿尔法社区三期,"(116.6554815235897, 39.87661478118666)",116.6554815235897,39.87661478118666,1,70,100
7534,北京市通州区阿尔法社区二期,"(116.65235003058193, 39.876941060227004)",116.65235003058193,39.876941060227004,1,70,100
7535,北京市朝阳区阿曼寓所,"(116.53539496504925, 39.92630279953876)",116.53539496504925,39.92630279953876,1,70,100
7536,北京市西城区陶然亭路,"(116.38744925772784, 39.88502160819787)",116.38744925772784,39.88502160819787,0,30,100
7537,北京市西城区陶然北岸,"(116.39093261700387, 39.89010006936542)",116.39093261700387,39.89010006936542,0,50,100
7538,北京市西城区陶然居,"(116.38039001370822, 39.88795797717176)",116.38039001370822,39.88795797717176,1,75,100
7539,北京市西城区陶然湖景,"(116.38459049027287, 39.88235731287641)",116.38459049027287,39.88235731287641,1,70,100
7540,北京市海淀区陶瓷厂宿舍,"(116.33418378336093, 40.055733501100704)",116.33418378336093,40.055733501100704,0,50,100
7541,北京市石景山区隆恩寺18号院,"(116.1312239601669, 39.96531910319556)",116.1312239601669,39.96531910319556,1,70,100
7542,北京市房山区隆曦园A区,"(116.14608085533533, 39.75653474662297)",116.14608085533533,39.75653474662297,1,70,100
7543,北京市房山区隆曦园B区,"(116.1439503441573, 39.755849484890874)",116.1439503441573,39.755849484890874,1,70,100
7544,北京市房山区隆曦园C区,"(116.1455793313691, 39.75505167986629)",116.1455793313691,39.75505167986629,1,70,100
7545,北京市大兴区隆盛园,"(116.32804781774446, 39.62817600383531)",116.32804781774446,39.62817600383531,1,70,100
7546,北京市朝阳区隆远阁,"(116.43891084480015, 39.98357884916043)",116.43891084480015,39.98357884916043,1,70,100
7547,北京市昌平区随园,"(116.27324669010827, 40.23662670661484)",116.27324669010827,40.23662670661484,1,70,100
7548,北京市怀柔区雁栖园,"(116.68656118745447, 40.398231839840726)",116.68656118745447,40.398231839840726,0,50,100
7549,北京市海淀区雅世合金公寓,"(116.27212533534016, 39.9339155160597)",116.27212533534016,39.9339155160597,1,70,100
7550,北京市通州区雅丽世居,"(116.65069607047695, 39.90259184079332)",116.65069607047695,39.90259184079332,1,70,100
7551,北京市大兴区雅善园,"(116.42707899343657, 39.6872861113657)",116.42707899343657,39.6872861113657,1,70,100
7552,北京市通州区雅士居,"(116.80245607282428, 39.78631636100322)",116.80245607282428,39.78631636100322,0,50,100
7553,北京市东城区雅安国际公寓,"(116.43999339277022, 39.920995462333714)",116.43999339277022,39.920995462333714,1,70,100
7554,北京市东城区雅宝公寓,"(116.43904352452397, 39.92091315010622)",116.43904352452397,39.92091315010622,1,70,100
7555,北京市朝阳区雅宝路,"(116.44461194071921, 39.92141041127942)",116.44461194071921,39.92141041127942,0,30,100
7556,北京市朝阳区雅宝里,"(116.44243786172396, 39.924454214984245)",116.44243786172396,39.924454214984245,0,50,100
7557,北京市朝阳区雅宝里社区,"(116.44277625340958, 39.923047702181776)",116.44277625340958,39.923047702181776,1,70,100
7558,北京市朝阳区雅成一里,"(116.53004968794266, 39.93131503453384)",116.53004968794266,39.93131503453384,1,70,100
7559,北京市朝阳区雅特住区,"(116.47034300374702, 40.01878908588754)",116.47034300374702,40.01878908588754,1,70,100
7560,北京市房山区雅苑,"(0, 0)",0.0,0.0,0,0,0
7561,北京市昌平区雅馨家园,"(116.2453223243473, 40.22958158839662)",116.2453223243473,40.22958158839662,1,70,100
7562,北京市东城区雍和大厦,"(116.42769900389955, 39.954777106092266)",116.42769900389955,39.954777106092266,1,75,100
7563,北京市东城区雍和宫大街,"(116.42314486445562, 39.95111483134002)",116.42314486445562,39.95111483134002,0,30,100
7564,北京市东城区雍和家园一期,"(116.42625497779225, 39.95660709777409)",116.42625497779225,39.95660709777409,1,70,100
7565,北京市东城区雍和家园二期,"(116.42502681449903, 39.95690630743497)",116.42502681449903,39.95690630743497,1,70,100
7566,北京市石景山区雍景双庐,"(116.20808729146705, 39.93802662146487)",116.20808729146705,39.93802662146487,1,70,100
7567,北京市石景山区雍景四季,"(116.21027906708085, 39.938331237775195)",116.21027906708085,39.938331237775195,1,70,100
7568,北京市石景山区雍景天成,"(116.21609011559435, 39.94092253029184)",116.21609011559435,39.94092253029184,1,70,100
7569,北京市石景山区雍景山岚,"(0, 0)",0.0,0.0,0,0,0
7570,北京市海淀区雪梨澳乡A区,"(116.34157028007782, 40.05834460549634)",116.34157028007782,40.05834460549634,1,70,100
7571,北京市海淀区雪梨澳乡B区,"(116.34292196037869, 40.0562100998932)",116.34292196037869,40.0562100998932,1,70,100
7572,北京市海淀区雪梨澳乡D区,"(116.34321777238313, 40.05402782424524)",116.34321777238313,40.05402782424524,1,70,100
7573,北京市海淀区雪梨澳乡E区,"(116.34554025144863, 40.05000998027488)",116.34554025144863,40.05000998027488,1,70,100
7574,北京市西城区雪池胡同,"(116.39866154778117, 39.93279378447427)",116.39866154778117,39.93279378447427,0,30,100
7575,北京市海淀区雪芳园,"(116.2528131143339, 39.93461081436193)",116.2528131143339,39.93461081436193,1,70,100
7576,北京市海淀区雪芳里,"(116.2528131143339, 39.93461081436193)",116.2528131143339,39.93461081436193,1,70,100
7577,北京市密云区雲北小區,"(116.85857770956015, 40.405408130850965)",116.85857770956015,40.405408130850965,1,70,57
7578,北京市门头沟区霁月园,"(116.11839076765135, 39.93809618889703)",116.11839076765135,39.93809618889703,1,70,100
7579,北京市朝阳区霄云路8号,"(116.48060749165678, 39.970824527424234)",116.48060749165678,39.970824527424234,1,80,100
7580,北京市朝阳区霄云里8号,"(116.47178783832926, 39.968677376661056)",116.47178783832926,39.968677376661056,1,75,100
7581,北京市昌平区霍营小区,"(116.37978599308332, 40.08555904371243)",116.37978599308332,40.08555904371243,1,70,100
7582,北京市丰台区霍道口,"(116.35658024650515, 39.871896780266)",116.35658024650515,39.871896780266,1,80,100
7583,北京市朝阳区霞光里30号院,"(116.46996104424419, 39.96505808765629)",116.46996104424419,39.96505808765629,1,70,100
7584,北京市朝阳区霞光里35号院,"(116.467527265126, 39.96216293215911)",116.467527265126,39.96216293215911,1,70,100
7585,北京市海淀区青云北区,"(116.33891524831255, 39.98048095779326)",116.33891524831255,39.98048095779326,1,70,100
7586,北京市海淀区青云南区,"(116.33306629130651, 39.97083067902687)",116.33306629130651,39.97083067902687,1,70,100
7587,北京市丰台区青塔东里,"(116.27695399694795, 39.89996006182523)",116.27695399694795,39.89996006182523,1,70,100
7588,北京市丰台区青塔东里10号院,"(116.27792228045715, 39.90102054878358)",116.27792228045715,39.90102054878358,1,70,100
7589,北京市丰台区青塔东里7号院,"(116.27647537977222, 39.90198830567064)",116.27647537977222,39.90198830567064,1,70,100
7590,北京市丰台区青塔中街44号院,"(116.27302642559722, 39.899131006476644)",116.27302642559722,39.899131006476644,1,70,100
7591,北京市丰台区青塔南里,"(116.27156443337974, 39.89978438485856)",116.27156443337974,39.89978438485856,1,70,100
7592,北京市丰台区青塔秀园,"(0, 0)",0.0,0.0,0,0,0
7593,北京市西城区青塔胡同,"(116.36442281292946, 39.932165551365365)",116.36442281292946,39.932165551365365,0,30,100
7594,北京市丰台区青塔芳园,"(116.2653074660111, 39.89754648765734)",116.2653074660111,39.89754648765734,1,70,100
7595,北京市丰台区青塔西路60号院,"(116.27135997904567, 39.88422496735805)",116.27135997904567,39.88422496735805,1,80,100
7596,北京市丰台区青塔西里4号院,"(116.27379833952195, 39.90135120809837)",116.27379833952195,39.90135120809837,1,70,100
7597,北京市丰台区青塔西里6号院,"(116.27178469789078, 39.900649203793925)",116.27178469789078,39.900649203793925,1,70,100
7598,北京市大兴区青岛嘉园,"(116.33515503127833, 39.77712711071801)",116.33515503127833,39.77712711071801,1,70,100
7599,北京市海淀区青年公寓,"(0, 0)",0.0,0.0,0,0,0
7600,北京市房山区青年南路7号楼,"(115.99767350881233, 39.70452617093541)",115.99767350881233,39.70452617093541,1,75,100
7601,北京市房山区青年南路8号楼,"(115.99846797020537, 39.70523907826294)",115.99846797020537,39.70523907826294,1,80,100
7602,北京市朝阳区青年工社,"(116.52302772360171, 39.93031947784099)",116.52302772360171,39.93031947784099,1,80,100
7603,北京市朝阳区青年报社公寓,"(116.47203397403901, 40.00241704994466)",116.47203397403901,40.00241704994466,1,70,100
7604,北京市朝阳区青年汇佳园,"(116.52196547733617, 39.9272758678169)",116.52196547733617,39.9272758678169,1,70,100
7605,北京市东城区青年沟,"(116.41944142032962, 39.96845349232871)",116.41944142032962,39.96845349232871,1,70,100
7606,北京市朝阳区青年沟23号院,"(116.42293034909983, 39.96893616639782)",116.42293034909983,39.96893616639782,1,70,100
7607,北京市东城区青年湖东里,"(116.413109624112, 39.9626012711467)",116.413109624112,39.9626012711467,1,70,100
7608,北京市东城区青年湖北街,"(116.41186475233627, 39.96585613121323)",116.41186475233627,39.96585613121323,0,30,100
7609,北京市东城区青年湖北里,"(116.41105025873037, 39.96390210024669)",116.41105025873037,39.96390210024669,1,70,100
7610,北京市东城区青年湖南街,"(116.40566294092594, 39.96017174113198)",116.40566294092594,39.96017174113198,0,30,100
7611,北京市东城区青年湖南街6号院,"(116.40512593389207, 39.9596502916083)",116.40512593389207,39.9596502916083,1,80,100
7612,北京市东城区青年湖南里,"(116.41295646302254, 39.96025794617556)",116.41295646302254,39.96025794617556,1,70,100
7613,北京市东城区青年湖西里,"(116.40502649147211, 39.96107070157413)",116.40502649147211,39.96107070157413,1,70,100
7614,北京市朝阳区青年路51号,"(116.52859721776359, 39.93080290733203)",116.52859721776359,39.93080290733203,1,80,100
7615,北京市朝阳区青年路家属楼,"(116.52355026791687, 39.934821048372704)",116.52355026791687,39.934821048372704,0,30,100
7616,北京市朝阳区青年路小区,"(116.52954699617929, 39.93135009833468)",116.52954699617929,39.93135009833468,1,70,100
7617,北京市西城区青春无限,"(116.369702873056, 39.89024622245071)",116.369702873056,39.89024622245071,1,70,100
7618,北京市怀柔区青春苑四院,"(116.63531806828219, 40.32544765102044)",116.63531806828219,40.32544765102044,1,70,100
7619,北京市怀柔区青春苑西区,"(116.63367677428491, 40.32590116648271)",116.63367677428491,40.32590116648271,1,70,100
7620,北京市怀柔区青春路31号院,"(116.63594490586705, 40.32861311935138)",116.63594490586705,40.32861311935138,1,70,100
7621,北京市怀柔区青春路一院,"(116.63888721573444, 40.319768203052384)",116.63888721573444,40.319768203052384,1,80,100
7622,北京市怀柔区青春路七院,"(116.6377624474054, 40.32675634692609)",116.6377624474054,40.32675634692609,1,70,100
7623,北京市怀柔区青春路六院,"(116.63518637669442, 40.32680083141157)",116.63518637669442,40.32680083141157,1,70,100
7624,北京市丰台区青秀城,"(116.34766986432112, 39.84169457616942)",116.34766986432112,39.84169457616942,1,70,100
7625,北京市丰台区青秀雅苑,"(116.34613376189905, 39.84191590065722)",116.34613376189905,39.84191590065722,1,70,100
7626,北京市朝阳区青荷里南山园,"(116.5701613645575, 39.8672300245688)",116.5701613645575,39.8672300245688,1,70,100
7627,北京市朝阳区青荷里晨风园二期,"(116.57071301397119, 39.87008610292917)",116.57071301397119,39.87008610292917,1,70,100
7628,北京市东城区青龙胡同,"(116.42945168778007, 39.954304010300234)",116.42945168778007,39.954304010300234,0,30,100
7629,北京市通州区靓景明居,"(116.64308850077406, 39.889196778199626)",116.64308850077406,39.889196778199626,1,70,100
7630,北京市昌平区静之湖度假山庄,"(116.4483514967267, 40.25016763965817)",116.4483514967267,40.25016763965817,1,70,100
7631,北京市朝阳区静安东里,"(116.45693884824934, 39.96498287960264)",116.45693884824934,39.96498287960264,1,70,100
7632,北京市朝阳区静安庄一区,"(116.45423243340888, 39.96353863377056)",116.45423243340888,39.96353863377056,1,70,100
7633,北京市朝阳区静安苑,"(116.45239980033797, 39.95906648183759)",116.45239980033797,39.95906648183759,1,70,100
7634,北京市朝阳区静安西街,"(116.45113965736856, 39.96654633281496)",116.45113965736856,39.96654633281496,0,30,100
7635,北京市朝阳区静安里,"(116.45124251334947, 39.96498723448301)",116.45124251334947,39.96498723448301,0,50,100
7636,北京市昌平区静心苑,"(116.23174542470004, 40.230336575860434)",116.23174542470004,40.230336575860434,1,70,100
7637,北京市海淀区静淑东里,"(116.35822207948574, 40.01007082665902)",116.35822207948574,40.01007082665902,1,70,100
7638,北京市海淀区静淑苑,"(116.35643678711521, 40.010675473454214)",116.35643678711521,40.010675473454214,1,70,100
7639,北京市海淀区静源居,"(116.30602253443698, 39.91735433054075)",116.30602253443698,39.91735433054075,1,70,100
7640,北京市丰台区静馨嘉苑,"(116.45156814909683, 39.85549149484924)",116.45156814909683,39.85549149484924,1,70,100
7641,北京市丰台区靛厂路6号院,"(116.29925847360795, 39.8955604591254)",116.29925847360795,39.8955604591254,1,80,100
7642,北京市丰台区靛厂锦园,"(116.2856007264648, 39.89413950874886)",116.2856007264648,39.89413950874886,1,70,100
7643,北京市朝阳区非常生活,"(116.47137246186145, 39.90398950599412)",116.47137246186145,39.90398950599412,1,70,100
7644,北京市房山区靠山居艺墅北区,"(116.21946064769833, 39.81180210291523)",116.21946064769833,39.81180210291523,1,70,100
7645,北京市房山区靠山居艺墅南区,"(116.22070003981045, 39.809728076661344)",116.22070003981045,39.809728076661344,1,70,100
7646,北京市东城区革新南路2号院,"(116.40546872727468, 39.870905060023254)",116.40546872727468,39.870905060023254,1,80,100
7647,北京市东城区革新里24号院,"(116.40369870609783, 39.8731939481862)",116.40369870609783,39.8731939481862,1,70,100
7648,北京市东城区革新里小区,"(116.40351527211267, 39.87216860613584)",116.40351527211267,39.87216860613584,1,70,100
7649,北京市海淀区韦伯时代中心,"(116.32876843842458, 39.96001205066558)",116.32876843842458,39.96001205066558,1,75,100
7650,北京市海淀区韦伯豪家园,"(116.326357745758, 39.95954237877756)",116.326357745758,39.95954237877756,1,70,100
7651,北京市丰台区韩庄子三里,"(116.2975478304253, 39.84406041183292)",116.2975478304253,39.84406041183292,1,70,100
7652,北京市丰台区韩庄子东里,"(116.29948197201884, 39.84578820108161)",116.29948197201884,39.84578820108161,1,70,100
7653,北京市丰台区韩庄子二里,"(116.29566246682094, 39.84376285178397)",116.29566246682094,39.84376285178397,1,70,100
7654,北京市丰台区韩庄子四里,"(116.29989303662019, 39.8446155029252)",116.29989303662019,39.8446155029252,1,70,100
7655,北京市丰台区韩庄子小区,"(116.29700597254167, 39.84482199898102)",116.29700597254167,39.84482199898102,1,70,100
7656,北京市丰台区韩庄子西里,"(116.29403788130615, 39.845276952870826)",116.29403788130615,39.845276952870826,1,70,100
7657,北京市房山区韩建青春誌,"(116.15316785699518, 39.73625924316012)",116.15316785699518,39.73625924316012,1,75,100
7658,北京市房山区韩村河西小区,"(115.95670799281027, 39.60799157712996)",115.95670799281027,39.60799157712996,1,70,100
7659,北京市丰台区顶秀欣园东苑,"(116.43593754339267, 39.84402862691414)",116.43593754339267,39.84402862691414,1,70,100
7660,北京市丰台区顶秀欣园西苑,"(116.43377720847172, 39.84509005513378)",116.43377720847172,39.84509005513378,1,70,100
7661,北京市怀柔区顶秀美泉小镇A区,"(116.6794697840976, 40.37771185043509)",116.6794697840976,40.37771185043509,1,70,100
7662,北京市怀柔区顶秀美泉小镇B区,"(116.67604176044098, 40.37626179590687)",116.67604176044098,40.37626179590687,1,70,100
7663,北京市怀柔区顶秀美泉小镇C区,"(116.6795407502329, 40.375274921895866)",116.6795407502329,40.375274921895866,1,70,100
7664,北京市丰台区顶秀金石家园,"(116.43810758001312, 39.84245868276178)",116.43810758001312,39.84245868276178,1,70,100
7665,北京市昌平区顶秀青溪,"(116.41308195630229, 40.05907203811303)",116.41308195630229,40.05907203811303,1,70,100
7666,北京市丰台区顺五条,"(116.43377684914951, 39.858953165133265)",116.43377684914951,39.858953165133265,0,30,100
7667,北京市丰台区顺六条,"(116.43663265219628, 39.85746810043677)",116.43663265219628,39.85746810043677,0,30,100
7668,北京市顺义区顺兴街17号院,"(116.65475847748472, 40.18974189099195)",116.65475847748472,40.18974189099195,1,80,100
7669,北京市顺义区顺和花园,"(116.67229915019476, 40.090595867601124)",116.67229915019476,40.090595867601124,1,70,100
7670,北京市丰台区顺四条37号院,"(116.43355532701075, 39.86037450440778)",116.43355532701075,39.86037450440778,1,80,100
7671,北京市丰台区顺四条甲20号院,"(116.4322932975998, 39.85967934651498)",116.4322932975998,39.85967934651498,1,70,100
7672,北京市顺义区顺悦家园,"(116.6575510398236, 40.19131007205098)",116.6575510398236,40.19131007205098,1,70,100
7673,北京市朝阳区顺景园,"(116.46944829145909, 39.97907194293983)",116.46944829145909,39.97907194293983,1,70,100
7674,北京市丰台区顺欣嘉园,"(116.43353385750906, 39.85959218300381)",116.43353385750906,39.85959218300381,1,70,100
7675,北京市朝阳区顺源里,"(116.46357517003484, 39.95482764411499)",116.46357517003484,39.95482764411499,1,70,100
7676,北京市顺义区顺鑫朗郡,"(116.8412733810298, 40.16469158089088)",116.8412733810298,40.16469158089088,1,70,100
7677,北京市顺义区顺鑫澜庭,"(116.82915901258333, 40.167355054563345)",116.82915901258333,40.167355054563345,1,70,100
7678,北京市顺义区顺鑫花语,"(116.55570403567992, 40.1616430610004)",116.55570403567992,40.1616430610004,1,70,100
7679,北京市昌平区顺驰林溪一期,"(116.31721703804122, 40.17741108528824)",116.31721703804122,40.17741108528824,1,70,100
7680,北京市昌平区顺驰林溪二期,"(116.3227150270845, 40.17688807061541)",116.3227150270845,40.17688807061541,1,70,100
7681,北京市丰台区顺驰蓝调,"(116.34547629209631, 39.877163169947174)",116.34547629209631,39.877163169947174,1,70,100
7682,北京市大兴区顺驰领海,"(116.3282034042588, 39.75079956727351)",116.3282034042588,39.75079956727351,1,70,57
7683,北京市大兴区颂善园,"(116.42673898480105, 39.68270910253708)",116.42673898480105,39.68270910253708,1,70,100
7684,北京市朝阳区领地OFFICE,"(116.4202695681793, 40.046520760738574)",116.4202695681793,40.046520760738574,1,70,100
7685,北京市昌平区领秀慧谷A区,"(116.31177151003975, 40.10400863746973)",116.31177151003975,40.10400863746973,1,70,100
7686,北京市昌平区领秀慧谷B区,"(116.30883539848038, 40.10321746453267)",116.30883539848038,40.10321746453267,1,70,100
7687,北京市昌平区领秀慧谷C区,"(116.30911423251067, 40.105914409380006)",116.30911423251067,40.105914409380006,1,70,100
7688,北京市昌平区领秀慧谷D2区,"(116.30498804581168, 40.10614611700225)",116.30498804581168,40.10614611700225,0,50,100
7689,北京市昌平区领秀慧谷D区,"(116.30722150280116, 40.105496381708186)",116.30722150280116,40.105496381708186,1,70,100
7690,北京市海淀区领秀新硅谷1号院,"(116.31531945748193, 40.06078186740729)",116.31531945748193,40.06078186740729,1,70,100
7691,北京市海淀区领秀新硅谷2号院,"(116.31726581603041, 40.05956373063609)",116.31726581603041,40.05956373063609,1,70,100
7692,北京市海淀区领秀硅谷,"(116.32098102795858, 40.0616736949963)",116.32098102795858,40.0616736949963,0,50,100
7693,北京市丰台区领秀翡翠墅,"(116.17020574811129, 39.80716150656002)",116.17020574811129,39.80716150656002,0,50,100
7694,北京市丰台区领秀翡翠山,"(116.1735610090216, 39.80563609617116)",116.1735610090216,39.80563609617116,1,70,100
7695,北京市丰台区领秀翡翠山A区,"(116.1735610090216, 39.80563609617116)",116.1735610090216,39.80563609617116,1,70,57
7696,北京市丰台区领秀翡翠山B区,"(116.17357690902914, 39.805653556548485)",116.17357690902914,39.805653556548485,1,70,100
7697,北京市东城区领行国际,"(116.44839623234111, 39.89905122787489)",116.44839623234111,39.89905122787489,1,75,100
7698,北京市海淀区颐丰庄园,"(116.23829595830937, 40.088423051115925)",116.23829595830937,40.088423051115925,1,70,100
7699,北京市海淀区颐和园宿舍,"(116.28944385709758, 39.9988882744037)",116.28944385709758,39.9988882744037,0,50,100
7700,北京市海淀区颐和山庄芳辉园,"(116.24631055023883, 40.05782957184409)",116.24631055023883,40.05782957184409,1,70,100
7701,北京市海淀区颐安嘉园,"(116.30581619366133, 39.93953758792238)",116.30581619366133,39.93953758792238,1,70,100
7702,北京市海淀区颐慧佳园,"(116.29709894716196, 39.942800261781585)",116.29709894716196,39.942800261781585,1,70,100
7703,北京市海淀区颐慧佳园A区,"(116.29598199409085, 39.94230253488499)",116.29598199409085,39.94230253488499,1,70,100
7704,北京市海淀区颐慧佳园B区,"(116.29270272982669, 39.94226574803425)",116.29270272982669,39.94226574803425,1,70,100
7705,北京市海淀区颐慧佳园C区,"(116.29115647655235, 39.940497673803584)",116.29115647655235,39.940497673803584,1,70,100
7706,北京市海淀区颐泉汇,"(116.32063068880969, 40.041812559366456)",116.32063068880969,40.041812559366456,1,75,100
7707,北京市海淀区颐源居小区,"(116.31167925406385, 39.92127331724234)",116.31167925406385,39.92127331724234,1,70,100
7708,北京市朝阳区风度柏林,"(116.48234104162995, 39.89530927794706)",116.48234104162995,39.89530927794706,1,70,100
7709,北京市丰台区风景club,"(116.35763000632411, 39.847173115329056)",116.35763000632411,39.847173115329056,1,70,100
7710,北京市朝阳区风景线,"(0, 0)",0.0,0.0,0,0,0
7711,北京市朝阳区风林绿洲,"(116.39001365046715, 40.006759438318355)",116.39001365046715,40.006759438318355,1,70,100
7712,北京市丰台区风格与林苑,"(116.34186097174086, 39.83029511591772)",116.34186097174086,39.83029511591772,1,70,100
7713,北京市丰台区风格景园,"(116.3969316808606, 39.86596008720387)",116.3969316808606,39.86596008720387,1,70,100
7714,北京市朝阳区风格派,"(116.42760728690699, 40.00219749135058)",116.42760728690699,40.00219749135058,1,70,100
7715,北京市朝阳区风格雅园,"(116.47044981227216, 40.00071686854372)",116.47044981227216,40.00071686854372,1,70,100
7716,北京市丰台区风荷曲苑,"(116.30730028419437, 39.88956604048304)",116.30730028419437,39.88956604048304,1,70,100
7717,北京市昌平区风雅园一区,"(116.32928631155109, 40.091003362091335)",116.32928631155109,40.091003362091335,1,70,100
7718,北京市昌平区风雅园三区,"(116.33107618527971, 40.08523273222499)",116.33107618527971,40.08523273222499,1,70,100
7719,北京市昌平区风雅园二区,"(116.32883140964083, 40.08823302725871)",116.32883140964083,40.08823302725871,1,70,100
7720,北京市朝阳区飘HOME,"(116.49431509475573, 39.97673824086443)",116.49431509475573,39.97673824086443,1,75,100
7721,北京市丰台区飞腾家园,"(116.38220000948029, 39.80940708747224)",116.38220000948029,39.80940708747224,1,70,100
7722,北京市大兴区饮马井小区,"(0, 0)",0.0,0.0,0,0,0
7723,北京市房山区饶乐府,"(116.01195755455704, 39.70795755044535)",116.01195755455704,39.70795755044535,0,50,100
7724,北京市海淀区首体家属院,"(116.35519200517003, 39.97727116992821)",116.35519200517003,39.97727116992821,1,70,100
7725,北京市海淀区首体宿舍,"(116.32094662285755, 39.944752964456114)",116.32094662285755,39.944752964456114,0,50,100
7726,北京市大兴区首创·美澜湾C区,"(116.37720623931976, 39.741071176554435)",116.37720623931976,39.741071176554435,1,70,100
7727,北京市大兴区首创·美澜湾D区,"(116.3783810432657, 39.7417181654201)",116.3783810432657,39.7417181654201,1,70,100
7728,北京市大兴区首创·美澜湾E区,"(116.37648516948688, 39.74075915776108)",116.37648516948688,39.74075915776108,1,70,100
7729,北京市大兴区首创·美澜湾F区,"(116.37972778288626, 39.740059312252136)",116.37972778288626,39.740059312252136,1,70,100
7730,北京市房山区首创伊林郡,"(116.15238210916561, 39.76029077131584)",116.15238210916561,39.76029077131584,1,70,100
7731,北京市房山区首创伊林郡一期,"(116.15022087593917, 39.759280647559834)",116.15022087593917,39.759280647559834,1,70,100
7732,北京市房山区首创伊林郡二期,"(116.15238210916561, 39.76029077131584)",116.15238210916561,39.76029077131584,1,70,100
7733,北京市丰台区首创天阅公馆,"(116.34189402938362, 39.87121205390924)",116.34189402938362,39.87121205390924,1,70,100
7734,北京市海淀区首创天阅西山,"(116.25259635321436, 40.08445486386651)",116.25259635321436,40.08445486386651,1,70,100
7735,北京市大兴区首创悦都汇,"(116.41266289678188, 39.70937648647824)",116.41266289678188,39.70937648647824,1,70,100
7736,北京市房山区首创新悦都,"(116.19258460446751, 39.77938664190188)",116.19258460446751,39.77938664190188,1,70,100
7737,北京市房山区首创新悦都一区,"(116.19387915253793, 39.77896652919488)",116.19387915253793,39.77896652919488,0,50,100
7738,北京市房山区首创新悦都二区,"(116.19187000243431, 39.77979656294556)",116.19187000243431,39.77979656294556,1,70,100
7739,北京市顺义区首创派尚国际,"(116.52039865286567, 40.220031590274026)",116.52039865286567,40.220031590274026,1,70,100
7740,北京市密云区首创澜茵山,"(116.85804869744533, 40.41818491251088)",116.85804869744533,40.41818491251088,0,50,100
7741,北京市密云区首创澜茵山三期,"(116.85821910600058, 40.41829161172722)",116.85821910600058,40.41829161172722,1,70,100
7742,北京市密云区首创澜茵山二期,"(0, 0)",0.0,0.0,0,0,0
7743,北京市密云区首创禧悦府,"(116.86501388887805, 40.390901669925334)",116.86501388887805,40.390901669925334,1,70,100
7744,北京市顺义区首创禧瑞墅,"(116.52841504140616, 40.21779807157937)",116.52841504140616,40.21779807157937,1,70,100
7745,北京市顺义区首创禧瑞山,"(116.68004335216573, 40.21671974711979)",116.68004335216573,40.21671974711979,1,70,100
7746,北京市房山区首创紫悦台,"(116.18818506340185, 39.72653218212008)",116.18818506340185,39.72653218212008,1,70,100
7747,北京市大兴区首地浣溪谷,"(116.40897355605242, 39.71206641702832)",116.40897355605242,39.71206641702832,1,70,100
7748,北京市朝阳区首城国际A区,"(116.47460986508887, 39.89785439922709)",116.47460986508887,39.89785439922709,1,70,100
7749,北京市朝阳区首城国际B区,"(116.47575960631109, 39.89578915082374)",116.47575960631109,39.89578915082374,1,70,100
7750,北京市朝阳区首城国际C区,"(116.47586012669765, 39.89828118311485)",116.47586012669765,39.89828118311485,0,50,100
7751,北京市朝阳区首城国际D区,"(116.47811756844423, 39.895091656038154)",116.47811756844423,39.895091656038154,1,70,100
7752,北京市朝阳区首城国际中心,"(116.47658065754722, 39.89636326393087)",116.47658065754722,39.89636326393087,0,50,100
7753,北京市平谷区首城汇景墅（金河街108号院）,"(117.00908062317681, 40.06525572759108)",117.00908062317681,40.06525572759108,1,70,35
7754,北京市平谷区首城汇景墅（金河街112号院）,"(117.00883673323085, 40.06581515498755)",117.00883673323085,40.06581515498755,1,70,100
7755,北京市平谷区首城汇景湾,"(117.02209437509985, 40.06761177945556)",117.02209437509985,40.06761177945556,1,70,100
7756,北京市平谷区首城汇景湾（梨羊路5号院）,"(117.01047281705618, 40.06756360321058)",117.01047281705618,40.06756360321058,1,80,100
7757,北京市平谷区首城汇景湾（金河街108号院）,"(117.00908062317681, 40.06525572759108)",117.00908062317681,40.06525572759108,1,70,35
7758,北京市海淀区首师大东校区,"(116.33110816495588, 39.930868470894985)",116.33110816495588,39.930868470894985,1,70,100
7759,北京市海淀区首师大附中宿舍楼,"(116.30680513819726, 39.93728184438944)",116.30680513819726,39.93728184438944,1,70,100
7760,北京市朝阳区首府官邸,"(116.48669018775651, 39.90171078703425)",116.48669018775651,39.90171078703425,1,70,100
7761,北京市大兴区首座御园一区二期,"(116.37346102398756, 39.75042906719188)",116.37346102398756,39.75042906719188,1,70,100
7762,北京市大兴区首座御园一期,"(116.37346102398756, 39.75042906719188)",116.37346102398756,39.75042906719188,1,70,100
7763,北京市大兴区首座御园二区二期,"(116.37290452372412, 39.75531946493103)",116.37290452372412,39.75531946493103,1,70,100
7764,北京市大兴区首座御园二期北区三期,"(116.37290452372412, 39.75531946493103)",116.37290452372412,39.75531946493103,1,70,100
7765,北京市丰台区首座绿洲,"(116.38846110905426, 39.85739221933813)",116.38846110905426,39.85739221933813,1,70,100
7766,北京市通州区首开万科台湖新城V公馆,"(116.59004796210685, 39.824663107315935)",116.59004796210685,39.824663107315935,1,70,100
7767,北京市通州区首开万科城市之光,"(116.59583286993, 39.822826028884116)",116.59583286993,39.822826028884116,1,70,100
7768,北京市通州区首开万科城市之光盛佳尚苑,"(116.59583286993, 39.822826028884116)",116.59583286993,39.822826028884116,1,70,100
7769,北京市朝阳区首开东都汇,"(116.614517534707, 39.93208947694841)",116.614517534707,39.93208947694841,0,50,100
7770,北京市顺义区首开中晟广场,"(116.68585080745719, 40.119272065148216)",116.68585080745719,40.119272065148216,0,50,100
7771,北京市朝阳区首开住总熙悦安郡,"(116.4475227200632, 39.84260632317802)",116.4475227200632,39.84260632317802,1,70,100
7772,北京市大兴区首开保利熙悦诚郡,"(116.43355703379123, 39.82741007789217)",116.43355703379123,39.82741007789217,1,70,100
7773,北京市丰台区首开华润城,"(116.32147895870276, 39.82720311346775)",116.32147895870276,39.82720311346775,1,70,100
7774,北京市朝阳区首开国风尚樾,"(116.4679410246439, 39.99834508254981)",116.4679410246439,39.99834508254981,1,70,100
7775,北京市通州区首开国风美仑,"(116.59224539704535, 39.774732888162006)",116.59224539704535,39.774732888162006,1,70,100
7776,北京市昌平区首开国风美唐一期,"(116.36847488942388, 40.08108901193837)",116.36847488942388,40.08108901193837,1,70,100
7777,北京市昌平区首开国风美唐三期,"(116.36647795627519, 40.08363013283485)",116.36647795627519,40.08363013283485,1,70,100
7778,北京市昌平区首开国风美唐二期,"(116.36684096153176, 40.08549404374912)",116.36684096153176,40.08549404374912,1,70,100
7779,北京市昌平区首开国风美唐综合楼,"(116.36691004122548, 40.079740057107514)",116.36691004122548,40.079740057107514,1,75,100
7780,北京市朝阳区首开常青藤一期,"(116.53927411773299, 39.970118610036764)",116.53927411773299,39.970118610036764,1,70,100
7781,北京市朝阳区首开常青藤三期,"(116.54355930450723, 39.97044264313484)",116.54355930450723,39.97044264313484,1,70,100
7782,北京市朝阳区首开常青藤二期,"(116.54374597239219, 39.96830405137201)",116.54374597239219,39.96830405137201,1,70,100
7783,北京市朝阳区首开常青藤四期,"(116.54311203819381, 39.972742072440326)",116.54311203819381,39.972742072440326,1,70,100
7784,北京市朝阳区首开幸福广场,"(116.45600146644968, 39.943351020897126)",116.45600146644968,39.943351020897126,0,50,100
7785,北京市大兴区首开康乃馨城,"(116.31834656738947, 39.75430337383165)",116.31834656738947,39.75430337383165,1,70,100
7786,北京市昌平区首开智慧社,"(116.3428909688386, 40.07844724894584)",116.3428909688386,40.07844724894584,1,70,100
7787,北京市房山区首开熙悦双子座,"(116.22095300264206, 39.76882710376389)",116.22095300264206,39.76882710376389,0,50,100
7788,北京市朝阳区首开熙悦尚郡,"(116.541575486619, 39.929026926782605)",116.541575486619,39.929026926782605,1,70,100
7789,北京市房山区首开熙悦山澜庭,"(116.22073264830047, 39.76814584754573)",116.22073264830047,39.76814584754573,0,50,100
7790,北京市房山区首开熙悦山熹园1号院,"(116.22181313016787, 39.775478752251914)",116.22181313016787,39.775478752251914,1,70,100
7791,北京市房山区首开熙悦山熹园3号院,"(116.22142622998471, 39.77466578772176)",116.22142622998471,39.77466578772176,1,75,100
7792,北京市房山区首开熙悦广场,"(116.21657538023084, 39.768992373404565)",116.21657538023084,39.768992373404565,1,70,100
7793,北京市房山区首开熙悦睿府书香,"(116.176126389897, 39.7308207633527)",116.176126389897,39.7308207633527,1,70,100
7794,北京市丰台区首开玲珑汇,"(116.25382478599924, 39.88255884983841)",116.25382478599924,39.88255884983841,1,70,100
7795,北京市朝阳区首开琅樾,"(116.52203689262421, 40.05693776257123)",116.52203689262421,40.05693776257123,1,70,100
7796,北京市朝阳区首开琅樾二期,"(116.52203689262421, 40.05693776257123)",116.52203689262421,40.05693776257123,1,70,100
7797,北京市丰台区首开璞瑅,"(116.44562864289541, 39.867531912434615)",116.44562864289541,39.867531912434615,0,50,100
7798,北京市丰台区首开璞瑅公馆,"(116.44551509707895, 39.86803406369423)",116.44551509707895,39.86803406369423,1,70,100
7799,北京市大兴区首开璞瑅墅,"(116.33997066745621, 39.517630613066814)",116.33997066745621,39.517630613066814,1,70,100
7800,北京市朝阳区首开畅心园,"(116.6159859048936, 39.93286951231318)",116.6159859048936,39.93286951231318,1,70,100
7801,北京市朝阳区首开知语城,"(116.46666902404176, 40.00234271237576)",116.46666902404176,40.00234271237576,1,70,100
7802,北京市丰台区首开石榴派,"(116.42670574749717, 39.85250975751897)",116.42670574749717,39.85250975751897,1,75,100
7803,北京市通州区首开缇香郡,"(116.70087496711156, 39.723015783273986)",116.70087496711156,39.723015783273986,1,70,100
7804,北京市通州区首开缇香郡二期,"(116.70455505529429, 39.72303777390165)",116.70455505529429,39.72303777390165,1,70,100
7805,北京市朝阳区首开铂郡12号院,"(116.45768695707805, 39.94287404232659)",116.45768695707805,39.94287404232659,1,70,100
7806,北京市朝阳区首开铂郡8号院,"(116.45768749606134, 39.944421064281485)",116.45768749606134,39.944421064281485,1,70,100
7807,北京市通州区首开香溪郡,"(116.67624899952213, 40.01453008210408)",116.67624899952213,40.01453008210408,1,70,100
7808,北京市大兴区首开龙湖天琅,"(116.44701302151684, 39.77187405983047)",116.44701302151684,39.77187405983047,1,70,100
7809,北京市朝阳区首开龙湖天璞,"(116.56056764137205, 39.97398195418275)",116.56056764137205,39.97398195418275,1,70,100
7810,北京市丰台区首科花园,"(116.3259605150615, 39.884358260533205)",116.3259605150615,39.884358260533205,1,70,100
7811,北京市丰台区首经贸中街1号院,"(116.3311110395335, 39.847022091798365)",116.3311110395335,39.847022091798365,1,70,100
7812,北京市大兴区首邑上城,"(116.34059418131068, 39.76259876727412)",116.34059418131068,39.76259876727412,1,70,100
7813,北京市大兴区首邑溪谷,"(116.31665389031701, 39.76666310216808)",116.31665389031701,39.76666310216808,1,70,100
7814,北京市丰台区首都医科大学,"(116.3304409934536, 39.84921408136945)",116.3304409934536,39.84921408136945,1,70,100
7815,北京市朝阳区首都机场南路西里,"(116.59953900897251, 40.05588406084473)",116.59953900897251,40.05588406084473,1,70,100
7816,北京市昌平区首钢一线材厂东宿舍,"(116.28291721841484, 40.129047789293494)",116.28291721841484,40.129047789293494,1,70,100
7817,北京市昌平区首钢一线材厂北宿舍居民区,"(116.2794710489869, 40.1376303955888)",116.2794710489869,40.1376303955888,0,50,100
7818,北京市海淀区香山一棵松,"(116.21547765089765, 39.998763773170424)",116.21547765089765,39.998763773170424,1,70,100
7819,北京市海淀区香山南营66号,"(116.21274311909472, 40.00185412736485)",116.21274311909472,40.00185412736485,1,70,100
7820,北京市海淀区香山清琴山庄,"(116.22127549432015, 39.98581100957385)",116.22127549432015,39.98581100957385,1,70,100
7821,北京市海淀区香山清琴麓苑,"(116.23071255302467, 39.97674093627548)",116.23071255302467,39.97674093627548,1,70,100
7822,北京市海淀区香山煤厂街26号院,"(116.20275566860424, 40.00017023689137)",116.20275566860424,40.00017023689137,1,80,100
7823,北京市海淀区香山煤厂街27号院,"(116.20344359096379, 40.00080039667741)",116.20344359096379,40.00080039667741,1,80,100
7824,北京市海淀区香山艺墅,"(116.21536662033661, 39.96989604374394)",116.21536662033661,39.96989604374394,1,70,100
7825,北京市顺义区香悦四季,"(116.66267012360275, 40.186692162655376)",116.66267012360275,40.186692162655376,1,70,100
7826,北京市通州区香林郡,"(116.69013976711456, 39.908113146186466)",116.69013976711456,39.908113146186466,1,70,100
7827,北京市朝阳区香榭舍,"(116.4720970350858, 39.875189074313106)",116.4720970350858,39.875189074313106,1,75,100
7828,北京市昌平区香江别墅一期,"(116.14140760058076, 40.177645096861696)",116.14140760058076,40.177645096861696,1,70,100
7829,北京市昌平区香江别墅三期,"(116.15102009835138, 40.17551298432766)",116.15102009835138,40.17551298432766,0,50,100
7830,北京市昌平区香江别墅二期,"(116.14662675559373, 40.17576801999215)",116.14662675559373,40.17576801999215,1,70,100
7831,北京市朝阳区香江花园,"(116.52578498253405, 40.038409091615996)",116.52578498253405,40.038409091615996,1,70,100
7832,北京市朝阳区香河园中里,"(116.45421536560418, 39.96012604619275)",116.45421536560418,39.96012604619275,1,70,100
7833,北京市东城区香河园北里,"(116.44202796491977, 39.958175306755535)",116.44202796491977,39.958175306755535,1,70,100
7834,北京市东城区香河园街,"(116.44455700933729, 39.95500110470283)",116.44455700933729,39.95500110470283,0,30,100
7835,北京市通州区香溪家园,"(116.69821553364926, 39.87997294411053)",116.69821553364926,39.87997294411053,1,70,100
7836,北京市海淀区香溪度,"(116.24666852498456, 39.93893631719807)",116.24666852498456,39.93893631719807,1,70,100
7837,北京市顺义区香花畦家园,"(116.55502931841137, 40.116626761146534)",116.55502931841137,40.116626761146534,1,70,100
7838,北京市海淀区香邑山,"(116.21095126909397, 39.99434272563076)",116.21095126909397,39.99434272563076,1,70,100
7839,北京市平谷区香醍花墅,"(116.9998996713732, 40.05506519403571)",116.9998996713732,40.05506519403571,1,70,100
7840,北京市东城区香饵胡同,"(116.41919717106147, 39.945590452015644)",116.41919717106147,39.945590452015644,0,30,100
7841,北京市海淀区香麓雅庭,"(116.18447703791776, 40.05517606125717)",116.18447703791776,40.05517606125717,1,70,100
7842,北京市怀柔区馥郁苑,"(116.64836775242563, 40.337788969145066)",116.64836775242563,40.337788969145066,1,70,100
7843,北京市朝阳区馨岛苑,"(116.60680935478699, 39.92006048639967)",116.60680935478699,39.92006048639967,1,70,100
7844,北京市顺义区馨港庄园三区,"(116.67680478114116, 40.036827340212305)",116.67680478114116,40.036827340212305,1,70,100
7845,北京市顺义区馨港庄园二区,"(116.67579104337315, 40.03920806675264)",116.67579104337315,40.03920806675264,1,70,100
7846,北京市西城区馨莲茗园,"(116.33409592908205, 39.889679185477796)",116.33409592908205,39.889679185477796,1,70,100
7847,北京市通州区馨通家园,"(116.65140923522132, 39.92128058005145)",116.65140923522132,39.92128058005145,1,70,100
7848,北京市丰台区马公庄,"(116.41512811659291, 39.86181762149793)",116.41512811659291,39.86181762149793,1,70,100
7849,北京市朝阳区马南里,"(116.51707402417324, 40.02867203671515)",116.51707402417324,40.02867203671515,1,70,100
7850,北京市东城区马园胡同,"(116.4165892105049, 39.950915571817646)",116.4165892105049,39.950915571817646,0,30,100
7851,北京市顺义区马坡花园一区,"(116.66146235184459, 40.18046585081472)",116.66146235184459,40.18046585081472,1,70,100
7852,北京市顺义区马坡花园二区,"(116.66194617919226, 40.18394050219339)",116.66194617919226,40.18394050219339,1,70,100
7853,北京市丰台区马家堡33号院,"(116.38960393332407, 39.86743991327043)",116.38960393332407,39.86743991327043,1,70,100
7854,北京市丰台区马家堡39号院,"(116.38478461409358, 39.858163280908556)",116.38478461409358,39.858163280908556,1,70,100
7855,北京市丰台区马家堡67号院,"(116.38389726791083, 39.84881655652921)",116.38389726791083,39.84881655652921,1,70,100
7856,北京市丰台区马家堡东里,"(116.39242039058949, 39.86238136000833)",116.39242039058949,39.86238136000833,1,70,100
7857,北京市丰台区马家堡甲116号院,"(116.3880905580314, 39.860882316188714)",116.3880905580314,39.860882316188714,0,50,100
7858,北京市丰台区马家堡甲120号院,"(116.38698950496783, 39.8547564064251)",116.38698950496783,39.8547564064251,1,70,100
7859,北京市丰台区马家堡甲55号院,"(116.38785744775156, 39.860801454252766)",116.38785744775156,39.860801454252766,1,70,100
7860,北京市丰台区马家堡西路24号院,"(116.378101490591, 39.85064330975838)",116.378101490591,39.85064330975838,1,80,100
7861,北京市丰台区马家堡西里,"(116.38072103928864, 39.85883761510765)",116.38072103928864,39.85883761510765,1,70,100
7862,北京市丰台区马家堡路23号院,"(116.39266652629922, 39.87113037359676)",116.39266652629922,39.87113037359676,1,80,100
7863,北京市丰台区马家堡路25号,"(116.3916335647933, 39.87029674425921)",116.3916335647933,39.87029674425921,1,80,100
7864,北京市丰台区马家堡路27号院,"(116.39134457991074, 39.8703497679024)",116.39134457991074,39.8703497679024,1,80,100
7865,北京市丰台区马家堡路29号院,"(116.39100627805568, 39.87002650301289)",116.39100627805568,39.87002650301289,1,75,100
7866,北京市丰台区马家堡路68号院,"(116.39098570685951, 39.868069990834236)",116.39098570685951,39.868069990834236,1,80,100
7867,北京市丰台区马家堡路80号院,"(116.38907456188703, 39.86272785299379)",116.38907456188703,39.86272785299379,1,80,100
7868,北京市丰台区马家堡路8号院,"(116.39224656847331, 39.87072501629047)",116.39224656847331,39.87072501629047,1,80,100
7869,北京市昌平区马池口红冶家属院,"(116.19086641551858, 40.19213272899495)",116.19086641551858,40.19213272899495,1,70,100
7870,北京市西城区马甸南村,"(116.384290366402, 39.97308731187175)",116.384290366402,39.97308731187175,1,70,100
7871,北京市朝阳区马甸经典家园,"(116.38858830911448, 39.986178226470635)",116.38858830911448,39.986178226470635,1,70,100
7872,北京市海淀区马甸西路,"(116.38051910021, 39.9777216441138)",116.38051910021,39.9777216441138,0,30,100
7873,北京市西城区马相西巷,"(116.36807146041934, 39.94801697791579)",116.36807146041934,39.94801697791579,0,30,100
7874,北京市大兴区马赛公馆,"(116.32091536182581, 39.750960165225)",116.32091536182581,39.750960165225,1,70,100
7875,北京市海淀区马连洼1号院,"(116.31182927108404, 40.042113257186394)",116.31182927108404,40.042113257186394,1,70,100
7876,北京市海淀区马连洼北路1号院,"(116.31138398104272, 40.04132895437435)",116.31138398104272,40.04132895437435,1,80,100
7877,北京市西城区马连道三巷,"(116.33726497126015, 39.892100374048056)",116.33726497126015,39.892100374048056,0,30,100
7878,北京市西城区马连道东街,"(116.33905610261651, 39.88722171687852)",116.33905610261651,39.88722171687852,0,30,100
7879,北京市西城区马连道中街,"(116.338430792151, 39.89191893321442)",116.338430792151,39.89191893321442,0,30,100
7880,北京市西城区马连道中里,"(116.33852969558767, 39.89334581182924)",116.33852969558767,39.89334581182924,1,70,100
7881,北京市西城区马连道北街,"(116.33705404912641, 39.893766673023606)",116.33705404912641,39.893766673023606,0,30,100
7882,北京市西城区马连道北里,"(116.3326819063788, 39.89437740842718)",116.3326819063788,39.89437740842718,1,70,100
7883,北京市西城区马连道南街12号院,"(116.33127174638923, 39.890454240931014)",116.33127174638923,39.890454240931014,1,80,100
7884,北京市丰台区马连道欣园东路,"(116.33816435473675, 39.881086204390876)",116.33816435473675,39.881086204390876,0,30,100
7885,北京市西城区马连道西里,"(116.3319251738172, 39.89113766642875)",116.3319251738172,39.89113766642875,1,70,100
7886,北京市西城区马连道路13号院,"(116.32810297370278, 39.88619741669573)",116.32810297370278,39.88619741669573,1,80,100
7887,北京市西城区马连道路5号院,"(116.33276284370525, 39.8936205967023)",116.33276284370525,39.8936205967023,1,80,100
7888,北京市西城区马连道路甲18号院,"(116.33428529188356, 39.88255040633757)",116.33428529188356,39.88255040633757,1,80,100
7889,北京市朝阳区马道口,"(116.48230564839284, 39.93290215478936)",116.48230564839284,39.93290215478936,1,70,100
7890,北京市密云区马道胡同,"(0, 0)",0.0,0.0,0,0,0
7891,北京市朝阳区驼房营南里,"(116.50973756307324, 39.965545555482066)",116.50973756307324,39.965545555482066,1,70,100
7892,北京市朝阳区驼房营小学教师楼,"(116.51022318703194, 39.97287636698661)",116.51022318703194,39.97287636698661,1,70,57
7893,北京市昌平区骊龙园,"(116.3349823769593, 40.088487634265924)",116.3349823769593,40.088487634265924,1,70,100
7894,北京市大兴区骏城,"(116.32376200215637, 39.763958263741316)",116.32376200215637,39.763958263741316,1,70,100
7895,北京市东城区骑河楼大街,"(116.41100687506578, 39.9273832456594)",116.41100687506578,39.9273832456594,0,30,100
7896,北京市海淀区骚子营,"(0, 0)",0.0,0.0,0,0,0
7897,北京市西城区骡马市大街,"(116.38591081971144, 39.89543618337462)",116.38591081971144,39.89543618337462,0,30,100
7898,北京市石景山区高井,"(0, 0)",0.0,0.0,0,0,0
7899,北京市石景山区高井29号院,"(116.14045503741798, 39.94252809592856)",116.14045503741798,39.94252809592856,1,70,100
7900,北京市石景山区高井中学教工楼,"(116.14259983165361, 39.941386176794374)",116.14259983165361,39.941386176794374,1,70,100
7901,北京市朝阳区高原街,"(116.43406080352122, 39.99222513327688)",116.43406080352122,39.99222513327688,0,30,100
7902,北京市朝阳区高原街4号院,"(116.43497204463054, 39.99329060551264)",116.43497204463054,39.99329060551264,1,80,100
7903,北京市朝阳区高原街7号院,"(116.43383910172136, 39.992408793693876)",116.43383910172136,39.992408793693876,1,80,100
7904,北京市朝阳区高家园一区,"(116.48956898742432, 39.983641044650675)",116.48956898742432,39.983641044650675,1,70,100
7905,北京市朝阳区高家园三区,"(116.48730148465604, 39.98537399537861)",116.48730148465604,39.98537399537861,1,70,100
7906,北京市门头沟区高家园东街1号院,"(116.11293095659227, 39.93441807622815)",116.11293095659227,39.93441807622815,1,80,100
7907,北京市朝阳区高家园二区,"(116.49175833761325, 39.984570514900035)",116.49175833761325,39.984570514900035,1,70,100
7908,北京市门头沟区高家园二路1号院,"(116.1059311803974, 39.93780000817216)",116.1059311803974,39.93780000817216,1,70,100
7909,北京市门头沟区高家园二路2号院,"(116.10701588430071, 39.93721338257694)",116.10701588430071,39.93721338257694,1,70,100
7910,北京市朝阳区高家园五区,"(116.49412366585157, 39.985855996169256)",116.49412366585157,39.985855996169256,1,70,100
7911,北京市朝阳区高家园四区,"(116.48852237167465, 39.98620828647853)",116.48852237167465,39.98620828647853,1,70,100
7912,北京市房山区高家坡社区,"(115.95209034316676, 39.733292613638376)",115.95209034316676,39.733292613638376,1,70,100
7913,北京市西城区高家寨,"(116.39016456579284, 39.8929569869146)",116.39016456579284,39.8929569869146,1,70,100
7914,北京市朝阳区高尔夫国际公寓,"(116.47804803959775, 39.94410278431879)",116.47804803959775,39.94410278431879,1,70,100
7915,北京市海淀区高巢,"(116.36511756241087, 40.036599745051795)",116.36511756241087,40.036599745051795,1,70,100
7916,北京市丰台区高庄,"(0, 0)",0.0,0.0,0,0,0
7917,北京市丰台区高庄子小区,"(116.30009497569884, 39.84858909178574)",116.30009497569884,39.84858909178574,1,70,100
7918,北京市昌平区高教大楼,"(116.27674693752789, 40.17240954806298)",116.27674693752789,40.17240954806298,1,70,100
7919,北京市朝阳区高斓大厦,"(116.48293500123313, 39.9589630616078)",116.48293500123313,39.9589630616078,1,75,100
7920,北京市朝阳区高杨树北里,"(116.55715902111443, 39.95521044594568)",116.55715902111443,39.95521044594568,1,70,100
7921,北京市朝阳区高杨树南里,"(116.55774444681528, 39.95367431696537)",116.55774444681528,39.95367431696537,1,70,100
7922,北京市海淀区高梁桥斜街44号院,"(116.35571463931574, 39.95280000974472)",116.35571463931574,39.95280000974472,1,70,100
7923,北京市海淀区高梁桥斜街丙40号院,"(116.34992398233732, 39.95316505477466)",116.34992398233732,39.95316505477466,1,70,100
7924,北京市海淀区高梁桥斜街乙40号院,"(116.35125464228925, 39.952867142226204)",116.35125464228925,39.952867142226204,1,70,100
7925,北京市通州区高楼金地,"(116.6939778672365, 39.87015712436405)",116.6939778672365,39.87015712436405,0,50,100
7926,北京市朝阳区高碑店村5号院,"(116.53680907758304, 39.91259806371581)",116.53680907758304,39.91259806371581,1,70,100
7927,北京市海淀区高第小区,"(116.32607100663922, 39.9331202088941)",116.32607100663922,39.9331202088941,1,70,100
7928,北京市石景山区高能物理研究所,"(116.25773699632575, 39.91704906673818)",116.25773699632575,39.91704906673818,1,70,100
7929,北京市海淀区魏公村8号院,"(116.32242694050744, 39.962190237698415)",116.32242694050744,39.962190237698415,1,70,100
7930,北京市海淀区魏公村9号院,"(116.3288748876275, 39.96057746383391)",116.3288748876275,39.96057746383391,1,70,100
7931,北京市海淀区魏公村佳苑,"(116.32635666779139, 39.961250644316564)",116.32635666779139,39.961250644316564,1,70,100
7932,北京市海淀区魏公村小区,"(116.32332506635633, 39.95909634647356)",116.32332506635633,39.95909634647356,1,70,100
7933,北京市西城区魏染胡同,"(116.38702426939106, 39.89733634585957)",116.38702426939106,39.89733634585957,0,30,100
7934,北京市朝阳区鲁班大厦,"(116.56889933514655, 39.92223836484515)",116.56889933514655,39.92223836484515,1,75,100
7935,北京市顺义区鲁能7号别墅,"(116.6765515488179, 40.190898429782905)",116.6765515488179,40.190898429782905,1,70,100
7936,北京市顺义区鲁能7号院水岸公馆,"(116.67313403533572, 40.188642034269044)",116.67313403533572,40.188642034269044,1,70,100
7937,北京市顺义区鲁能7号院颐景润园,"(116.6692829097839, 40.187926676816296)",116.6692829097839,40.187926676816296,1,70,100
7938,北京市顺义区鲁能7号院颐景溪园,"(116.67003254573197, 40.191116755510336)",116.67003254573197,40.191116755510336,1,70,100
7939,北京市丰台区鲁能钓鱼台美高梅公馆,"(116.42927795549446, 39.852869110003304)",116.42927795549446,39.852869110003304,1,70,100
7940,北京市海淀区鲁艺上河村,"(116.29720413873719, 39.96333367321193)",116.29720413873719,39.96333367321193,1,70,100
7941,北京市海淀区鲁艺上河村一区,"(116.29720413873719, 39.96333367321193)",116.29720413873719,39.96333367321193,1,70,100
7942,北京市海淀区鲁艺上河村三区,"(116.29360804211963, 39.96238206744312)",116.29360804211963,39.96238206744312,1,70,100
7943,北京市海淀区鲁艺上河村二区,"(116.29580341095547, 39.96225805216745)",116.29580341095547,39.96225805216745,1,70,100
7944,北京市石景山区鲁谷74号院,"(116.25140007976671, 39.910186045179074)",116.25140007976671,39.910186045179074,1,70,100
7945,北京市石景山区鲁谷村,"(116.24510843780537, 39.907001781185556)",116.24510843780537,39.907001781185556,1,70,100
7946,北京市石景山区鲁谷路74号院,"(116.2500666350677, 39.90609103501323)",116.2500666350677,39.90609103501323,1,80,100
7947,北京市西城区鲍家街,"(116.36724987019991, 39.9087996457531)",116.36724987019991,39.9087996457531,0,30,100
7948,北京市西城区鸭子桥26号院,"(116.35414655721752, 39.88147689663929)",116.35414655721752,39.88147689663929,1,70,100
7949,北京市西城区鸭子桥43号院,"(116.35280790234654, 39.87982545392461)",116.35280790234654,39.87982545392461,1,70,100
7950,北京市西城区鸭子桥北里,"(116.35462104218789, 39.88442407653738)",116.35462104218789,39.88442407653738,1,70,100
7951,北京市西城区鸭子桥南里,"(116.35539511204583, 39.882320631977755)",116.35539511204583,39.882320631977755,1,70,100
7952,北京市西城区鸭子桥路,"(116.35349950775868, 39.88254320859832)",116.35349950775868,39.88254320859832,0,30,100
7953,北京市西城区鸭子桥路41号院,"(116.3533167025874, 39.88029450067623)",116.3533167025874,39.88029450067623,1,80,100
7954,北京市丰台区鸿业兴园一区,"(116.31426412816882, 39.841944154795385)",116.31426412816882,39.841944154795385,1,70,100
7955,北京市丰台区鸿业兴园二区,"(116.31310782931638, 39.84481389703488)",116.31310782931638,39.84481389703488,1,70,100
7956,北京市朝阳区鸿华高尔夫庄园,"(116.42849795682014, 40.016618035892385)",116.42849795682014,40.016618035892385,1,75,100
7957,北京市朝阳区鸿博家园B区,"(116.47913948079238, 39.83587194650368)",116.47913948079238,39.83587194650368,1,70,100
7958,北京市朝阳区鸿博家园C区,"(116.48093609181234, 39.83600568066774)",116.48093609181234,39.83600568066774,0,50,100
7959,北京市朝阳区鸿博家园六区,"(116.48240329420179, 39.83242440939187)",116.48240329420179,39.83242440939187,1,70,100
7960,北京市门头沟区鸿坤七星长安,"(116.11998184637064, 39.92890015323409)",116.11998184637064,39.92890015323409,1,75,100
7961,北京市大兴区鸿坤林语墅,"(116.34803547466369, 39.794625121800806)",116.34803547466369,39.794625121800806,1,70,100
7962,北京市大兴区鸿坤理想城七期,"(116.35197759856368, 39.794354303099055)",116.35197759856368,39.794354303099055,1,70,100
7963,北京市大兴区鸿坤理想城五期,"(116.35231203770505, 39.800125114475634)",116.35231203770505,39.800125114475634,1,70,100
7964,北京市大兴区鸿坤理想城八期,"(116.34934430579172, 39.79163060274426)",116.34934430579172,39.79163060274426,1,70,100
7965,北京市大兴区鸿坤理想城六期,"(116.35306544653626, 39.79770799956844)",116.35306544653626,39.79770799956844,1,70,100
7966,北京市大兴区鸿坤理想城四期,"(116.35067550472696, 39.80188609943226)",116.35067550472696,39.80188609943226,1,70,100
7967,北京市大兴区鸿坤理想城大满贯,"(116.34923740743604, 39.79732063789081)",116.34923740743604,39.79732063789081,1,70,100
7968,北京市大兴区鸿坤理想城曦望山,"(116.34767624229025, 39.79219346676323)",116.34767624229025,39.79219346676323,1,70,100
7969,北京市大兴区鸿坤理想城派郡18号院,"(116.35202098671981, 39.80202724511367)",116.35202098671981,39.80202724511367,1,70,100
7970,北京市大兴区鸿坤理想城派郡20号院,"(116.35231203770505, 39.800125114475634)",116.35231203770505,39.800125114475634,1,70,100
7971,北京市大兴区鸿坤理想城礼域府,"(116.34856457660908, 39.799543398785616)",116.34856457660908,39.799543398785616,1,70,100
7972,北京市朝阳区鸿坤花语墅,"(116.48508042428261, 39.88729541939114)",116.48508042428261,39.88729541939114,1,70,100
7973,北京市东城区鸿安国际大厦,"(116.4311774224953, 39.92979012205899)",116.4311774224953,39.92979012205899,1,75,100
7974,北京市怀柔区鸿翔花园,"(116.66552916054935, 40.370111115511534)",116.66552916054935,40.370111115511534,1,70,100
7975,北京市东城区鸿运花园,"(116.43122862590936, 39.881733181230295)",116.43122862590936,39.881733181230295,1,70,100
7976,北京市房山区鸿顺园东区,"(116.16508962874032, 39.72787796794651)",116.16508962874032,39.72787796794651,1,70,100
7977,北京市房山区鸿顺园西区,"(116.15990038730082, 39.728089256898976)",116.15990038730082,39.728089256898976,1,70,100
7978,北京市丰台区鹏润家园,"(116.35350588572781, 39.875701897552666)",116.35350588572781,39.875701897552666,1,70,100
7979,北京市丰台区鹤巢居,"(116.43267894015523, 39.85683467067936)",116.43267894015523,39.85683467067936,1,70,100
7980,北京市顺义区鹭峯国际,"(116.66933123862033, 40.10106554312216)",116.66933123862033,40.10106554312216,1,75,100
7981,北京市大兴区鹿海园一里,"(116.5070547736677, 39.76771485086359)",116.5070547736677,39.76771485086359,1,70,100
7982,北京市大兴区鹿海园三里,"(116.50653699037176, 39.76530421415951)",116.50653699037176,39.76530421415951,1,70,100
7983,北京市大兴区鹿海园五里,"(116.5070732787612, 39.762092441694485)",116.5070732787612,39.762092441694485,1,70,100
7984,北京市朝阳区鹿港嘉苑,"(116.46435939074506, 39.98769910793571)",116.46435939074506,39.98769910793571,1,70,100
7985,北京市昌平区鹿牌家园小区,"(116.14501097347294, 40.246749069835566)",116.14501097347294,40.246749069835566,1,70,100
7986,北京市亦庄开发区鹿鸣苑,"(116.50623596819536, 39.80608805521306)",116.50623596819536,39.80608805521306,1,70,100
7987,北京市朝阳区麒麟公馆,"(116.44476052045057, 39.927353261731376)",116.44476052045057,39.927353261731376,1,70,100
7988,北京市海淀区麓景嘉园北里,"(116.15183719704326, 40.1184643118299)",116.15183719704326,40.1184643118299,1,70,100
7989,北京市密云区麓秀,"(116.85227376081333, 40.480823618185426)",116.85227376081333,40.480823618185426,1,70,100
7990,北京市密云区麓秀佳园,"(116.85582089978058, 40.481617344716)",116.85582089978058,40.481617344716,1,70,100
7991,北京市昌平区麦卡伦地,"(116.41776203817872, 40.161014744529176)",116.41776203817872,40.161014744529176,1,75,100
7992,北京市朝阳区麦子店街,"(116.47536129764796, 39.95265578876178)",116.47536129764796,39.95265578876178,0,30,100
7993,北京市海淀区黄亭子小区,"(116.36279211893721, 39.9799756287792)",116.36279211893721,39.9799756287792,1,70,100
7994,北京市石景山区黄南苑,"(116.20429886763984, 39.93526122372449)",116.20429886763984,39.93526122372449,0,50,100
7995,北京市朝阳区黄寺后身36号院,"(116.39981335510606, 39.97273889305001)",116.39981335510606,39.97273889305001,1,70,100
7996,北京市西城区黄寺大街24号院,"(116.39286954334447, 39.96715420209907)",116.39286954334447,39.96715420209907,1,80,100
7997,北京市朝阳区黄寺大街28号院,"(116.39581329050068, 39.96858772624684)",116.39581329050068,39.96858772624684,1,80,100
7998,北京市东城区黄寺大街2号院,"(116.41011000235308, 39.96494105891171)",116.41011000235308,39.96494105891171,1,80,100
7999,北京市昌平区黄平路8号院,"(116.35541819849745, 40.07005767955038)",116.35541819849745,40.07005767955038,1,80,100
8000,北京市海淀区黄庄小区,"(116.32543347921879, 39.98500152216886)",116.32543347921879,39.98500152216886,1,70,100
8001,北京市朝阳区黄木厂6号院,"(116.47201825369258, 39.903329318429186)",116.47201825369258,39.903329318429186,1,70,100
8002,北京市朝阳区黄木庄,"(0, 0)",0.0,0.0,0,0,0
8003,北京市朝阳区黄木庄3号院,"(0, 0)",0.0,0.0,0,0,0
8004,北京市大兴区黄村东里,"(116.35128231009895, 39.74218157462688)",116.35128231009895,39.74218157462688,1,70,100
8005,北京市大兴区黄村中里,"(116.34712126914619, 39.74134511941992)",116.34712126914619,39.74134511941992,1,70,100
8006,北京市大兴区黄村西里,"(116.34097102047213, 39.74118609398635)",116.34097102047213,39.74118609398635,1,70,100
8007,北京市西城区黄瓜园,"(116.34293821970843, 39.931979722162126)",116.34293821970843,39.931979722162126,1,70,100
8008,北京市房山区黄辛庄东里,"(116.15558708356411, 39.76153335073)",116.15558708356411,39.76153335073,1,70,100
8009,北京市朝阳区黄金苑,"(116.4195828136169, 40.04922942810606)",116.4195828136169,40.04922942810606,1,70,100
8010,北京市门头沟区黑山A1区,"(116.10312083160944, 39.946362034982904)",116.10312083160944,39.946362034982904,0,50,57
8011,北京市门头沟区黑山A2区,"(116.09996670130282, 39.94182637873103)",116.09996670130282,39.94182637873103,1,70,100
8012,北京市门头沟区黑山A3区,"(116.102936858641, 39.941832118071396)",116.102936858641,39.941832118071396,1,70,100
8013,北京市门头沟区黑山A4区,"(116.10516860885, 39.94209260063454)",116.10516860885,39.94209260063454,1,70,100
8014,北京市门头沟区黑山A5区,"(116.10580856169528, 39.94069813946032)",116.10580856169528,39.94069813946032,1,70,100
8015,北京市门头沟区黑山东街,"(116.10707481314216, 39.94189234654157)",116.10707481314216,39.94189234654157,0,30,100
8016,北京市门头沟区黑山北小街11号院,"(116.10010009967104, 39.94709025633109)",116.10010009967104,39.94709025633109,1,70,100
8017,北京市门头沟区黑山北小街4号院,"(116.10059003549618, 39.94853215579961)",116.10059003549618,39.94853215579961,1,70,100
8018,北京市门头沟区黑山大街15号,"(116.10208724128965, 39.9455636929544)",116.10208724128965,39.9455636929544,1,80,100
8019,北京市西城区黑窑厂东街,"(116.38903377881687, 39.88779119647075)",116.38903377881687,39.88779119647075,0,30,100
8020,北京市西城区黑窑厂街,"(116.38815299026435, 39.88725341242895)",116.38815299026435,39.88725341242895,0,30,100
8021,北京市西城区黑窑厂西里,"(116.3873926644807, 39.88596301788338)",116.3873926644807,39.88596301788338,1,70,100
8022,北京市石景山区鼎城,"(0, 0)",0.0,0.0,0,0,0
8023,北京市石景山区鼎城世家,"(116.20325063494023, 39.93292435443051)",116.20325063494023,39.93292435443051,1,70,100
8024,北京市丰台区鼎恒中心,"(116.30701444338109, 39.87306686281664)",116.30701444338109,39.87306686281664,1,70,100
8025,北京市通州区鼎晟国际,"(116.65569325419841, 39.91283527619619)",116.65569325419841,39.91283527619619,1,70,100
8026,北京市东城区鼎盛园,"(116.41580175589485, 39.87094015499758)",116.41580175589485,39.87094015499758,1,70,100
8027,北京市丰台区鼎立水岸家园,"(116.37217195558074, 39.86687060943143)",116.37217195558074,39.86687060943143,1,70,100
8028,北京市顺义区鼎顺嘉园,"(116.67010476949498, 40.0907048826227)",116.67010476949498,40.0907048826227,1,70,100
8029,北京市密云区鼓楼东区,"(116.85576745060274, 40.38378640293734)",116.85576745060274,40.38378640293734,1,70,100
8030,北京市东城区鼓楼东大街,"(116.40843457274643, 39.94719853468312)",116.40843457274643,39.94719853468312,0,30,100
8031,北京市东城区鼓楼东大街191,"(116.40685759742365, 39.94729429796033)",116.40685759742365,39.94729429796033,1,80,99
8032,北京市昌平区鼓楼北街3号,"(116.24002178285512, 40.23356643557559)",116.24002178285512,40.23356643557559,1,80,100
8033,北京市昌平区鼓楼南大街,"(116.24038927963926, 40.22898337616401)",116.24038927963926,40.22898337616401,0,30,100
8034,北京市昌平区鼓楼南街35号院,"(116.23999411504542, 40.22016608246347)",116.23999411504542,40.22016608246347,1,75,100
8035,北京市朝阳区鼓楼外大街,"(116.40118677440027, 39.972594783571395)",116.40118677440027,39.972594783571395,0,30,100
8036,北京市朝阳区鼓楼外大街1、3号楼,"(116.40118677440027, 39.972594783571395)",116.40118677440027,39.972594783571395,0,30,100
8037,北京市东城区鼓楼外大街52号,"(116.4021218206056, 39.96148333176526)",116.4021218206056,39.96148333176526,1,80,100
8038,北京市昌平区鼓楼大街西侧1号楼,"(116.24043455423696, 40.229306077277826)",116.24043455423696,40.229306077277826,0,30,57
8039,北京市密云区鼓楼西区,"(116.85174151479868, 40.386472723170776)",116.85174151479868,40.386472723170776,1,70,100
8040,北京市西城区鼓楼西大街,"(116.39457506618574, 39.950443071361015)",116.39457506618574,39.950443071361015,0,30,100
8041,北京市昌平区龙乡东区,"(116.34528118013955, 40.06636560493878)",116.34528118013955,40.06636560493878,1,70,100
8042,北京市昌平区龙乡中区,"(116.34309748927534, 40.06818740700411)",116.34309748927534,40.06818740700411,1,70,100
8043,北京市昌平区龙兴园中区,"(116.32752132088508, 40.06835339940916)",116.32752132088508,40.06835339940916,1,70,100
8044,北京市昌平区龙兴园北区,"(116.3089776002426, 40.083542428666384)",116.3089776002426,40.083542428666384,1,70,100
8045,北京市昌平区龙兴园南区,"(116.33183884665769, 40.062300176133604)",116.33183884665769,40.062300176133604,1,70,100
8046,北京市昌平区龙兴园西区,"(116.30518899675427, 40.08237569707653)",116.30518899675427,40.08237569707653,1,70,100
8047,北京市大兴区龙兴家园,"(116.50225261207247, 39.63015891521714)",116.50225261207247,39.63015891521714,1,70,100
8048,北京市昌平区龙华园,"(116.33420076133507, 40.08258098754159)",116.33420076133507,40.08258098754159,1,70,100
8049,北京市房山区龙华苑,"(116.1590789767425, 39.76311306209706)",116.1590789767425,39.76311306209706,1,70,100
8050,北京市昌平区龙博苑一区,"(116.34466997307055, 40.07500007664159)",116.34466997307055,40.07500007664159,1,70,100
8051,北京市昌平区龙博苑三区,"(116.351528984792, 40.07222832620872)",116.351528984792,40.07222832620872,1,70,100
8052,北京市昌平区龙博苑二区,"(116.34873229024778, 40.07476115377559)",116.34873229024778,40.07476115377559,1,70,100
8053,北京市昌平区龙回苑,"(116.35069733355085, 40.093796351175655)",116.35069733355085,40.093796351175655,0,50,100
8054,北京市昌平区龙城花园N区,"(116.30237433609986, 40.09354362701934)",116.30237433609986,40.09354362701934,1,70,100
8055,北京市昌平区龙城花园S区,"(116.30558595795914, 40.08880302822757)",116.30558595795914,40.08880302822757,1,70,100
8056,北京市昌平区龙城花园W区,"(116.30306603134255, 40.08909868716683)",116.30306603134255,40.08909868716683,1,70,100
8057,北京市昌平区龙城花园中一区,"(116.30264912775536, 40.0923627172237)",116.30264912775536,40.0923627172237,1,70,100
8058,北京市昌平区龙城花园中七区,"(116.30626597523018, 40.09382905415051)",116.30626597523018,40.09382905415051,1,70,100
8059,北京市昌平区龙城花园中三区,"(116.30354096546567, 40.09092705193201)",116.30354096546567,40.09092705193201,0,50,100
8060,北京市昌平区龙城花园中二区,"(116.30404581316226, 40.09321079966024)",116.30404581316226,40.09321079966024,1,70,100
8061,北京市昌平区龙城花园中五区,"(116.30986305998378, 40.08968151442835)",116.30986305998378,40.08968151442835,1,70,100
8062,北京市昌平区龙城花园中八区,"(116.30966794802703, 40.09165889454603)",116.30966794802703,40.09165889454603,1,70,100
8063,北京市昌平区龙城花园中六区,"(116.3052230425331, 40.09123808773703)",116.3052230425331,40.09123808773703,1,70,35
8064,北京市昌平区龙城花园北二区,"(116.30557374100418, 40.09480572050422)",116.30557374100418,40.09480572050422,1,70,100
8065,北京市朝阳区龙头公寓,"(116.47121687534714, 39.874363523910404)",116.47121687534714,39.874363523910404,1,70,100
8066,北京市朝阳区龙宝大厦,"(116.4748778296225, 39.95373163119202)",116.4748778296225,39.95373163119202,1,75,100
8067,北京市昌平区龙山华府,"(116.25331239253634, 40.204896091485416)",116.25331239253634,40.204896091485416,1,70,100
8068,北京市怀柔区龙山御景,"(116.63405415242964, 40.31970198502334)",116.63405415242964,40.31970198502334,1,70,100
8069,北京市昌平区龙山跃,"(116.24009786933182, 40.20548149989244)",116.24009786933182,40.20548149989244,1,70,100
8070,北京市西城区龙岳洲,"(116.39678265197651, 39.9497370109918)",116.39678265197651,39.9497370109918,1,70,100
8071,北京市延庆区龙庆望都佳园,"(115.90498005815424, 40.3829309207153)",115.90498005815424,40.3829309207153,1,70,100
8072,北京市顺义区龙府花园,"(116.65801663156942, 40.14811311114619)",116.65801663156942,40.14811311114619,1,70,100
8073,北京市顺义区龙庭公寓,"(116.66451470413693, 40.13883092181242)",116.66451470413693,40.13883092181242,1,70,100
8074,北京市昌平区龙德紫金,"(116.42155468404185, 40.06843498055818)",116.42155468404185,40.06843498055818,1,75,100
8075,北京市昌平区龙旗广场,"(116.35348971622862, 40.072896256548596)",116.35348971622862,40.072896256548596,1,70,100
8076,北京市朝阳区龙欣苑小区,"(116.37845209923154, 40.01476707652551)",116.37845209923154,40.01476707652551,1,70,100
8077,北京市昌平区龙水路22号院,"(116.26619777660203, 40.22025278261093)",116.26619777660203,40.22025278261093,1,80,100
8078,北京市西城区龙泉胡同,"(116.38574840607524, 39.88342423390786)",116.38574840607524,39.88342423390786,0,30,100
8079,北京市门头沟区龙泉花园,"(116.11540749505271, 39.94403591975283)",116.11540749505271,39.94403591975283,1,70,100
8080,北京市昌平区龙泽苑东区,"(116.33419402404375, 40.07899504267787)",116.33419402404375,40.07899504267787,1,70,100
8081,北京市昌平区龙泽苑西区,"(116.32766127688353, 40.07880409517809)",116.32766127688353,40.07880409517809,1,70,100
8082,北京市朝阳区龙湖双珑原著,"(116.5306641289115, 40.062886064653405)",116.5306641289115,40.062886064653405,1,70,100
8083,北京市海淀区龙湖唐宁one,"(116.34165013943766, 39.99436151951075)",116.34165013943766,39.99436151951075,1,70,100
8084,北京市顺义区龙湖大名居,"(116.67500502605192, 40.21398784094942)",116.67500502605192,40.21398784094942,1,75,100
8085,北京市顺义区龙湖好望山,"(116.67094935633547, 40.209935093199675)",116.67094935633547,40.209935093199675,1,70,100
8086,北京市大兴区龙湖时代天街,"(116.32910939028089, 39.69334346936194)",116.32910939028089,39.69334346936194,0,30,100
8087,北京市顺义区龙湖滟澜山,"(116.50779884012162, 40.097958953793785)",116.50779884012162,40.097958953793785,1,70,100
8088,北京市昌平区龙湖滟澜新宸东区,"(116.25505393742856, 40.16070513316031)",116.25505393742856,40.16070513316031,1,70,100
8089,北京市昌平区龙湖滟澜新宸西区,"(116.25113445082741, 40.15968847851911)",116.25113445082741,40.15968847851911,1,70,100
8090,北京市通州区龙湖花盛香醍,"(116.64032540285591, 39.88213425118143)",116.64032540285591,39.88213425118143,1,70,100
8091,北京市通州区龙湖蔚澜香醍,"(116.65536375573735, 39.89084986181381)",116.65536375573735,39.89084986181381,1,70,100
8092,北京市密云区龙湖长城源著,"(117.27522698645105, 40.652605997958055)",117.27522698645105,40.652605997958055,1,75,100
8093,北京市密云区龙湖长城源著1号院,"(117.27522698645105, 40.652605997958055)",117.27522698645105,40.652605997958055,1,75,100
8094,北京市密云区龙湖长城源著2号院,"(117.27522698645105, 40.652605997958055)",117.27522698645105,40.652605997958055,1,75,100
8095,北京市密云区龙湖长城源著一期,"(117.27644993957233, 40.65430496623625)",117.27644993957233,40.65430496623625,1,70,100
8096,北京市密云区龙湖长城源著燕京楼,"(117.27522698645105, 40.652605997958055)",117.27522698645105,40.652605997958055,1,75,57
8097,北京市海淀区龙湖颐和原著,"(116.29409016268684, 40.00369410965997)",116.29409016268684,40.00369410965997,1,70,100
8098,北京市顺义区龙湖香醍漫步一区,"(116.67407033916878, 40.20943740191132)",116.67407033916878,40.20943740191132,0,50,100
8099,北京市顺义区龙湖香醍漫步三区,"(116.67215910436575, 40.21257115637499)",116.67215910436575,40.21257115637499,0,50,100
8100,北京市顺义区龙湖香醍漫步二区,"(116.67096103430708, 40.20982406689879)",116.67096103430708,40.20982406689879,0,50,100
8101,北京市顺义区龙湖香醍漫步四区北区,"(116.67245006552044, 40.212584586436975)",116.67245006552044,40.212584586436975,1,75,35
8102,北京市顺义区龙湖香醍漫步四区南区,"(116.67245006552044, 40.212584586436975)",116.67245006552044,40.212584586436975,1,75,35
8103,北京市顺义区龙湾别墅,"(116.51280222215108, 40.089332591454856)",116.51280222215108,40.089332591454856,1,70,100
8104,北京市东城区龙潭北里,"(116.44652847552476, 39.887913340883145)",116.44652847552476,39.887913340883145,1,70,100
8105,北京市东城区龙潭北里一条,"(116.44264725673834, 39.88896522702682)",116.44264725673834,39.88896522702682,0,30,100
8106,北京市东城区龙潭北里七条,"(116.4441008947146, 39.88791161079386)",116.4441008947146,39.88791161079386,0,30,100
8107,北京市东城区龙潭北里三条,"(116.44435745076824, 39.88926674165352)",116.44435745076824,39.88926674165352,0,30,100
8108,北京市东城区龙潭北里二条,"(116.44361041990615, 39.88917380304376)",116.44361041990615,39.88917380304376,0,30,100
8109,北京市东城区龙潭北里五条,"(116.44632851271822, 39.88804323586176)",116.44632851271822,39.88804323586176,0,30,100
8110,北京市东城区龙潭北里八条,"(116.44300918402831, 39.88784552134982)",116.44300918402831,39.88784552134982,0,30,100
8111,北京市东城区龙潭北里六条,"(116.44522781897686, 39.88801015660998)",116.44522781897686,39.88801015660998,0,30,100
8112,北京市东城区龙潭北里四条,"(116.44607554988663, 39.88945580178415)",116.44607554988663,39.88945580178415,0,30,100
8113,北京市东城区龙潭西里,"(116.43352487445397, 39.885956789383116)",116.43352487445397,39.885956789383116,0,30,100
8114,北京市大兴区龙熙公馆,"(116.30985237014822, 39.62952775195223)",116.30985237014822,39.62952775195223,1,70,100
8115,北京市大兴区龙熙旭辉6號院,"(116.30947355471466, 39.6337646175576)",116.30947355471466,39.6337646175576,1,70,100
8116,北京市大兴区龙熙顺景,"(116.31974882229053, 39.62703346797795)",116.31974882229053,39.62703346797795,1,70,100
8117,北京市大兴区龙熙顺景丁区,"(116.31974882229053, 39.62703346797795)",116.31974882229053,39.62703346797795,1,70,57
8118,北京市大兴区龙熙顺景丙区,"(116.31974882229053, 39.62703346797795)",116.31974882229053,39.62703346797795,1,70,100
8119,北京市大兴区龙熙顺景乙区,"(116.31974882229053, 39.62703346797795)",116.31974882229053,39.62703346797795,1,70,57
8120,北京市大兴区龙熙顺景甲区,"(116.31627588335841, 39.62757504082029)",116.31627588335841,39.62757504082029,1,70,100
8121,北京市西城区龙爪槐胡同,"(116.38382558313113, 39.881973546646286)",116.38382558313113,39.881973546646286,0,30,100
8122,北京市西城区龙爪槐胡同9号院,"(116.38338307783691, 39.8816580192818)",116.38338307783691,39.8816580192818,1,70,100
8123,北京市丰台区龙珠公寓,"(116.43787132566399, 39.8755570283209)",116.43787132566399,39.8755570283209,1,70,100
8124,北京市昌平区龙禧苑一区,"(116.34036286764186, 40.09279386622372)",116.34036286764186,40.09279386622372,1,70,100
8125,北京市昌平区龙禧苑二区,"(116.34735159467894, 40.090637403725026)",116.34735159467894,40.090637403725026,1,70,100
8126,北京市昌平区龙禧苑五区,"(116.34124751890809, 40.0869138163937)",116.34124751890809,40.0869138163937,1,70,100
8127,北京市海淀区龙翔路小区,"(116.38048307815905, 39.98728732827766)",116.38048307815905,39.98728732827766,1,70,100
8128,北京市昌平区龙脉公馆,"(116.40608963604316, 40.18746278931461)",116.40608963604316,40.18746278931461,1,70,100
8129,北京市昌平区龙脉温泉,"(116.4059839953152, 40.18731507220142)",116.4059839953152,40.18731507220142,0,50,100
8130,北京市昌平区龙腾苑三区,"(116.3384212701126, 40.082577606291935)",116.3384212701126,40.082577606291935,1,70,100
8131,北京市昌平区龙腾苑二区,"(116.34368138785682, 40.08317228959942)",116.34368138785682,40.08317228959942,1,70,100
8132,北京市昌平区龙腾苑五区,"(116.34371749973833, 40.0801941972006)",116.34371749973833,40.0801941972006,1,70,100
8133,北京市昌平区龙腾苑六区,"(116.33862662275217, 40.079245889042916)",116.33862662275217,40.079245889042916,1,70,100
8134,北京市昌平区龙腾苑四区,"(116.34881700045737, 40.079017125476426)",116.34881700045737,40.079017125476426,1,70,100
8135,北京市顺义区龙苑别墅,"(116.67078793083532, 40.164843827514964)",116.67078793083532,40.164843827514964,1,70,100
8136,北京市昌平区龙跃苑一区,"(116.35906495954576, 40.083389032352876)",116.35906495954576,40.083389032352876,1,70,100
8137,北京市昌平区龙跃苑三区,"(116.3590738527703, 40.07889070135708)",116.3590738527703,40.07889070135708,1,70,100
8138,北京市昌平区龙跃苑东二区,"(116.36303520040819, 40.08261473102389)",116.36303520040819,40.08261473102389,1,70,100
8139,北京市昌平区龙跃苑东五区,"(116.36292857154417, 40.07836588691289)",116.36292857154417,40.07836588691289,1,70,100
8140,北京市昌平区龙跃苑东四区,"(116.36364703629106, 40.08012208429142)",116.36364703629106,40.08012208429142,1,70,100
8141,北京市昌平区龙跃苑二区,"(116.35338524329781, 40.08365331818215)",116.35338524329781,40.08365331818215,1,70,100
8142,北京市昌平区龙跃苑四区,"(116.3541715301107, 40.07904976659981)",116.3541715301107,40.07904976659981,1,70,100
8143,北京市朝阳区龙辉大厦,"(116.46843114013014, 39.886418734939184)",116.46843114013014,39.886418734939184,1,75,100
8144,北京市昌平区龙邸,"(116.30962500902363, 40.08933238446026)",116.30962500902363,40.08933238446026,1,70,100
8145,北京市昌平区龙锦苑一区,"(116.36540475068243, 40.09453823565205)",116.36540475068243,40.09453823565205,1,70,100
8146,北京市昌平区龙锦苑东一区,"(116.37472359238183, 40.09491169305946)",116.37472359238183,40.09491169305946,1,70,100
8147,北京市昌平区龙锦苑东三区,"(116.37615504221198, 40.08876507891175)",116.37615504221198,40.08876507891175,1,70,100
8148,北京市昌平区龙锦苑东二区,"(116.37513277054163, 40.091908106983)",116.37513277054163,40.091908106983,1,70,100
8149,北京市昌平区龙锦苑东五区,"(116.38040474591858, 40.092383553740525)",116.38040474591858,40.092383553740525,1,70,100
8150,北京市昌平区龙锦苑东四区,"(116.38102125299008, 40.08946465387203)",116.38102125299008,40.08946465387203,1,70,100
8151,北京市昌平区龙锦苑二区,"(116.36229068480154, 40.09392212645428)",116.36229068480154,40.09392212645428,1,70,100
8152,北京市昌平区龙锦苑五区,"(116.35785377422665, 40.0884997780992)",116.35785377422665,40.0884997780992,1,70,100
8153,北京市昌平区龙锦苑六区,"(116.35402438766816, 40.0877616912657)",116.35402438766816,40.0877616912657,1,70,100
8154,北京市昌平区龙锦苑四区,"(116.35320612117913, 40.09074628068606)",116.35320612117913,40.09074628068606,1,70,100
8155,北京市门头沟区龙门二区,"(116.09255936389809, 39.951869066891064)",116.09255936389809,39.951869066891064,1,70,100
8156,北京市朝阳区龙阁公寓,"(116.47989792013445, 39.94878915557147)",116.47989792013445,39.94878915557147,1,70,100
8157,北京市通州区龙鼎园,"(116.65566891011909, 39.88437403977029)",116.65566891011909,39.88437403977029,1,70,100
8158,天津市蓟州区802库家属楼,"(0, 0)",0.0,0.0,0,0,0
8159,天津市西青区D-House名爵匯,"(117.13266185964275, 39.09883942109686)",117.13266185964275,39.09883942109686,1,70,100
8160,天津市滨海新区ParkTower景杉,"(117.75936424952612, 39.12861490902921)",117.75936424952612,39.12861490902921,1,70,100
8161,天津市河东区UPUP公寓,"(117.29275616085056, 39.15560130535644)",117.29275616085056,39.15560130535644,0,50,100
8162,天津市蓟州区一中家属院,"(117.41510833571772, 40.05397266585305)",117.41510833571772,40.05397266585305,1,70,100
8163,天津市河东区一品家园,"(117.24878446545934, 39.15017910543206)",117.24878446545934,39.15017910543206,1,70,100
8164,天津市滨海新区一商宿舍,"(117.79715739961969, 39.247940840789475)",117.79715739961969,39.247940840789475,1,75,100
8165,天津市和平区一心里,"(117.19490985012612, 39.132237309164026)",117.19490985012612,39.132237309164026,1,70,100
8166,天津市红桥区丁字沽九段,"(117.16570701596335, 39.18751044373695)",117.16570701596335,39.18751044373695,0,30,100
8167,天津市红桥区丁字沽八段,"(0, 0)",0.0,0.0,0,0,0
8168,天津市红桥区丁字沽十一段,"(117.16334438264155, 39.18165563147285)",117.16334438264155,39.18165563147285,1,70,100
8169,天津市红桥区丁字沽十三段,"(117.15967175039457, 39.19350555335493)",117.15967175039457,39.19350555335493,0,30,100
8170,天津市红桥区丁字沽十二段,"(117.16266661113428, 39.19148330923534)",117.16266661113428,39.19148330923534,0,30,100
8171,天津市河东区丁安里,"(0, 0)",0.0,0.0,0,0,0
8172,天津市红桥区七0七所社区,"(117.15735223573724, 39.18675428102501)",117.15735223573724,39.18675428102501,1,70,100
8173,天津市河西区七建大楼,"(117.22135201179562, 39.10142727145767)",117.22135201179562,39.10142727145767,1,70,100
8174,天津市蓟州区七星花园,"(117.43106017547227, 40.05959258458574)",117.43106017547227,40.05959258458574,1,70,100
8175,天津市滨海新区七星里,"(117.80085150136838, 39.25713122891747)",117.80085150136838,39.25713122891747,1,80,100
8176,天津市红桥区七段大楼,"(117.16245326357567, 39.183699974149725)",117.16245326357567,39.183699974149725,1,70,100
8177,天津市河东区七纬路,"(117.22268840922484, 39.139113498103576)",117.22268840922484,39.139113498103576,0,30,100
8178,天津市滨海新区七邻里北区,"(117.46364737564387, 38.84079298516682)",117.46364737564387,38.84079298516682,1,70,100
8179,天津市滨海新区七邻里南区,"(117.46304263637455, 38.8394613112156)",117.46304263637455,38.8394613112156,1,70,100
8180,天津市河东区万东花园,"(117.26616407199144, 39.14818043729531)",117.26616407199144,39.14818043729531,1,70,100
8181,天津市河东区万东路118号,"(117.2744624386315, 39.14043291531464)",117.2744624386315,39.14043291531464,1,80,100
8182,天津市开发区万丽国际公寓,"(117.69419793393247, 39.032380232226885)",117.69419793393247,39.032380232226885,1,70,100
8183,天津市和平区万全楼,"(117.19087223635042, 39.1254181801059)",117.19087223635042,39.1254181801059,1,70,100
8184,天津市和平区万全道,"(117.19336404600456, 39.12803898243807)",117.19336404600456,39.12803898243807,0,30,100
8185,天津市和平区万全道108号,"(117.19242522691607, 39.12785880761151)",117.19242522691607,39.12785880761151,1,80,100
8186,天津市和平区万全里,"(117.19023812249092, 39.125498159588936)",117.19023812249092,39.125498159588936,1,70,100
8187,天津市河东区万兴花园,"(117.27361641450221, 39.150045083908026)",117.27361641450221,39.150045083908026,1,70,100
8188,天津市河东区万和里,"(117.26733025220447, 39.13094354642589)",117.26733025220447,39.13094354642589,0,50,100
8189,天津市和平区万善里,"(117.20713902201676, 39.1290450841216)",117.20713902201676,39.1290450841216,1,70,100
8190,天津市武清区万城聚豪,"(117.10939574693433, 39.34474969335761)",117.10939574693433,39.34474969335761,1,70,100
8191,天津市河东区万平里,"(117.2700563399356, 39.132500032919175)",117.2700563399356,39.132500032919175,1,70,100
8192,天津市南开区万德花园,"(117.18458077405019, 39.12675990603694)",117.18458077405019,39.12675990603694,1,70,100
8193,天津市东丽区万新家园,"(117.28703224797152, 39.1316039694342)",117.28703224797152,39.1316039694342,1,70,100
8194,天津市河东区万明里,"(117.281552314869, 39.10092720851469)",117.281552314869,39.10092720851469,1,70,100
8195,天津市河东区万春美钻大厦,"(117.22026146890651, 39.150358872938654)",117.22026146890651,39.150358872938654,1,75,100
8196,天津市河东区万春花园,"(0, 0)",0.0,0.0,0,0,0
8197,天津市塘沽区万海华府北苑,"(117.68426806482518, 39.020973540844324)",117.68426806482518,39.020973540844324,1,70,100
8198,天津市塘沽区万海华府南苑,"(117.6855424908522, 39.01958192152569)",117.6855424908522,39.01958192152569,1,70,100
8199,天津市河东区万海大厦,"(117.24500403655114, 39.11171913606932)",117.24500403655114,39.11171913606932,1,75,100
8200,天津市东丽区万润公寓,"(0, 0)",0.0,0.0,0,0,0
8201,天津市北辰区万源星城,"(117.11680416230566, 39.2660793421157)",117.11680416230566,39.2660793421157,0,50,100
8202,天津市和平区万科世贸广场,"(117.2076606680264, 39.12338059667771)",117.2076606680264,39.12338059667771,1,75,100
8203,天津市滨海新区万科东海岸,"(117.82548914692944, 39.023507158949926)",117.82548914692944,39.023507158949926,1,70,100
8204,天津市东丽区万科东郡,"(117.32402500785572, 39.149031100616135)",117.32402500785572,39.149031100616135,1,70,100
8205,天津市蓟州区万科云山,"(117.47328295986611, 40.07096705309302)",117.47328295986611,40.07096705309302,1,70,100
8206,天津市武清区万科南湖郡,"(117.13350671597487, 39.325911686270146)",117.13350671597487,39.325911686270146,1,70,100
8207,天津市开发区万科双子座,"(117.73361531021867, 39.04120573431431)",117.73361531021867,39.04120573431431,1,75,100
8208,天津市西青区万科四季博园,"(117.03675966170302, 39.062623343793966)",117.03675966170302,39.062623343793966,1,70,100
8209,天津市西青区万科四季文园,"(117.03675966170302, 39.062623343793966)",117.03675966170302,39.062623343793966,1,70,100
8210,天津市西青区万科四季雅园,"(117.04426078220297, 39.05983122541631)",117.04426078220297,39.05983122541631,1,70,100
8211,天津市东丽区万科城市之光,"(117.32133179810626, 39.1462401222838)",117.32133179810626,39.1462401222838,1,70,100
8212,天津市东丽区万科城盛锦苑,"(117.50146388168072, 39.18600999525764)",117.50146388168072,39.18600999525764,1,70,100
8213,天津市东丽区万科城邻水苑,"(117.50357238437374, 39.191565519971675)",117.50357238437374,39.191565519971675,1,70,100
8214,天津市北辰区万科新城丁香苑,"(117.21033348624078, 39.214875900722106)",117.21033348624078,39.214875900722106,1,70,100
8215,天津市北辰区万科新城凌霄苑,"(117.21345096568263, 39.21282897813792)",117.21345096568263,39.21282897813792,1,70,100
8216,天津市北辰区万科新城杜香苑,"(117.21162578854745, 39.21638180750732)",117.21162578854745,39.21638180750732,1,70,100
8217,天津市北辰区万科新城柳杉苑,"(117.21150658340626, 39.21445666736266)",117.21150658340626,39.21445666736266,1,70,35
8218,天津市北辰区万科新城琴竹苑,"(117.2157940159443, 39.21268109980293)",117.2157940159443,39.21268109980293,1,70,100
8219,天津市北辰区万科新城紫芸苑,"(117.2153261784347, 39.21634239396214)",117.2153261784347,39.21634239396214,1,70,100
8220,天津市北辰区万科新城紫荆苑,"(117.2128832366003, 39.21690452404637)",117.2128832366003,39.21690452404637,1,70,100
8221,天津市北辰区万科新城紫萍苑,"(117.21689551816063, 39.21538744726071)",117.21689551816063,39.21538744726071,1,70,100
8222,天津市北辰区万科新城紫薇苑,"(117.21330669781771, 39.2173782499913)",117.21330669781771,39.2173782499913,1,70,100
8223,天津市北辰区万科新城紫藤苑,"(117.21803744412492, 39.21584860464256)",117.21803744412492,39.21584860464256,1,70,100
8224,天津市北辰区万科新城紫衫苑,"(117.20459466149029, 39.213675498688566)",117.20459466149029,39.213675498688566,1,70,100
8225,天津市北辰区万科新城芸香苑,"(117.21241503976852, 39.21560401480667)",117.21241503976852,39.21560401480667,1,70,100
8226,天津市北辰区万科新城蝶兰苑,"(117.2163980365692, 39.2168351315552)",117.2163980365692,39.2168351315552,1,70,100
8227,天津市北辰区万科新城郁金苑,"(117.20903705172879, 39.213902414485396)",117.20903705172879,39.213902414485396,1,70,100
8228,天津市北辰区万科新城铃兰苑,"(117.21626652464253, 39.21440222763978)",117.21626652464253,39.21440222763978,1,70,100
8229,天津市北辰区万科新城雪溪苑,"(117.20974213172356, 39.21331258562341)",117.20974213172356,39.21331258562341,1,70,100
8230,天津市北辰区万科新城风铃苑,"(117.21195879039999, 39.214836765859516)",117.21195879039999,39.214836765859516,1,70,100
8231,天津市河西区万科新梅江柏翠园,"(117.2469777035871, 39.04442641860879)",117.2469777035871,39.04442641860879,1,70,100
8232,天津市东丽区万科新里程家园,"(117.41448248626892, 39.15394559259119)",117.41448248626892,39.15394559259119,1,70,100
8233,天津市东丽区万科新里程花园,"(117.41256038196923, 39.15289522419828)",117.41256038196923,39.15289522419828,1,70,100
8234,天津市西青区万科朗润园,"(117.08737199074618, 39.124956074633516)",117.08737199074618,39.124956074633516,1,70,100
8235,天津市开发区万科柏翠园,"(117.7121432034442, 39.025483254457804)",117.7121432034442,39.025483254457804,1,70,100
8236,天津市东丽区万科民和巷,"(117.3344929619635, 39.10089402951991)",117.3344929619635,39.10089402951991,1,75,100
8237,天津市河西区万科水晶城世奇园,"(117.23230271528446, 39.054152724856664)",117.23230271528446,39.054152724856664,1,70,100
8238,天津市河西区万科水晶城依云园,"(117.23670962245531, 39.055697752937164)",117.23670962245531,39.055697752937164,1,70,100
8239,天津市河西区万科水晶城凭澜园,"(117.23388049908219, 39.052798748483454)",117.23388049908219,39.052798748483454,1,70,100
8240,天津市河西区万科水晶城揽星园,"(117.2366939021089, 39.054279995889125)",117.2366939021089,39.054279995889125,1,70,100
8241,天津市河西区万科水晶城皓石园,"(117.23510839288377, 39.057295838426796)",117.23510839288377,39.057295838426796,1,70,100
8242,天津市河西区万科水晶城维漫园,"(117.23853057755458, 39.05386477066552)",117.23853057755458,39.05386477066552,1,70,100
8243,天津市河西区万科水晶城聆梦园,"(117.23645100029898, 39.05214612672672)",117.23645100029898,39.05214612672672,1,70,100
8244,天津市河西区万科水晶城静湾园,"(117.23678705639027, 39.0524003256202)",117.23678705639027,39.0524003256202,1,70,100
8245,天津市河西区万科水晶城香溪园,"(117.23463103333577, 39.053212088795156)",117.23463103333577,39.053212088795156,1,70,100
8246,天津市滨海新区万科海港城,"(117.74727745905881, 39.040899792082165)",117.74727745905881,39.040899792082165,1,70,100
8247,天津市滨海新区万科海港城3期清水港湾,"(117.74727745905881, 39.040899792082165)",117.74727745905881,39.040899792082165,1,70,100
8248,天津市塘沽区万科滨海大都会,"(117.6885324109116, 39.01735434810188)",117.6885324109116,39.01735434810188,1,70,100
8249,天津市塘沽区万科滨海大都会观文轩,"(117.69016301507331, 39.024601236014306)",117.69016301507331,39.024601236014306,1,70,100
8250,天津市塘沽区万科滨海大都会观涛苑,"(117.6876240443799, 39.02842318909019)",117.6876240443799,39.02842318909019,1,70,100
8251,天津市西青区万科翡翠嘉和,"(117.08056597904985, 39.13598307579605)",117.08056597904985,39.13598307579605,1,70,100
8252,天津市西青区万科翡翠紫台（紫林园）,"(117.12366802487685, 39.084161131025496)",117.12366802487685,39.084161131025496,1,70,57
8253,天津市西青区万科西华府,"(117.09889599281149, 39.106722091435515)",117.09889599281149,39.106722091435515,1,70,100
8254,天津市西青区万科西庐,"(117.13173669479802, 39.04982999539174)",117.13173669479802,39.04982999539174,1,70,100
8255,天津市塘沽区万科观澜,"(117.59529997694752, 39.02809308673826)",117.59529997694752,39.02809308673826,1,70,100
8256,天津市和平区万科都市花园,"(117.19157929261733, 39.11774637166093)",117.19157929261733,39.11774637166093,1,70,100
8257,天津市东丽区万科金域华府,"(117.35875628361855, 39.091253744887965)",117.35875628361855,39.091253744887965,1,70,100
8258,天津市滨海新区万科金域国际,"(117.7073671825393, 38.96257154158842)",117.7073671825393,38.96257154158842,1,70,100
8259,天津市开发区万科金域蓝湾,"(117.7385964142715, 39.03915581878861)",117.7385964142715,39.03915581878861,1,70,100
8260,天津市西青区万科金奥国际,"(117.19914598941953, 39.071211354947295)",117.19914598941953,39.071211354947295,1,70,100
8261,天津市西青区万科金奥广场,"(117.19974048800603, 39.07155553974882)",117.19974048800603,39.07155553974882,1,75,100
8262,天津市东丽区万科金色雅筑北苑,"(117.31212021408474, 39.1137404730753)",117.31212021408474,39.1137404730753,1,70,100
8263,天津市东丽区万科金色雅筑南苑,"(117.30890616680058, 39.11056692962438)",117.30890616680058,39.11056692962438,1,70,100
8264,天津市滨海新区万科锦庐,"(117.74867540209344, 39.12600798290804)",117.74867540209344,39.12600798290804,1,70,100
8265,天津市南开区万科霞光道五号,"(117.18543003207932, 39.088420132124696)",117.18543003207932,39.088420132124696,1,70,100
8266,天津市东丽区万科魅力之城兰雅苑,"(117.36841773903946, 39.09230483026826)",117.36841773903946,39.09230483026826,1,70,100
8267,天津市东丽区万科魅力之城格兰苑,"(117.36730689444582, 39.09013375522106)",117.36730689444582,39.09013375522106,1,70,100
8268,天津市东丽区万科魅力之城雅亭苑,"(117.36418707940966, 39.0914980707925)",117.36418707940966,39.0914980707925,1,70,100
8269,天津市南开区万维花园,"(117.16314864187093, 39.12672422030922)",117.16314864187093,39.12672422030922,1,70,100
8270,天津市西青区万绿花园,"(117.20816362928144, 39.05112995235743)",117.20816362928144,39.05112995235743,1,70,100
8271,天津市开发区万联别墅,"(117.69069256617144, 39.03661414853446)",117.69069256617144,39.03661414853446,1,70,100
8272,天津市和平区万荣公寓,"(117.198405246696, 39.11686621478207)",117.198405246696,39.11686621478207,1,70,100
8273,天津市武清区万辰金色家园,"(116.93377091125616, 39.17829960534372)",116.93377091125616,39.17829960534372,1,70,100
8274,天津市河东区万达公馆,"(117.24384171905177, 39.11195044291597)",117.24384171905177,39.11195044291597,1,70,100
8275,天津市开发区万通华府A区,"(117.71376689065349, 39.025711833259486)",117.71376689065349,39.025711833259486,1,70,100
8276,天津市开发区万通华府B区,"(117.71293200551251, 39.02383321854515)",117.71293200551251,39.02383321854515,0,50,100
8277,天津市开发区万通华府三期,"(117.71376689065349, 39.025711833259486)",117.71376689065349,39.025711833259486,1,70,100
8278,天津市开发区万通新城国际,"(117.72979221179874, 39.04075281042948)",117.72979221179874,39.04075281042948,1,70,100
8279,天津市滨海新区万通新新逸墅,"(117.74702647249933, 39.10923280158893)",117.74702647249933,39.10923280158893,1,70,100
8280,天津市滨海新区万通生态城新新家园,"(117.75165535096168, 39.129741069345194)",117.75165535096168,39.129741069345194,1,70,100
8281,天津市东丽区万通金府国际,"(117.40864547672619, 39.153393236620815)",117.40864547672619,39.153393236620815,0,50,100
8282,天津市宝坻区万锦府,"(117.35064575266061, 39.74883942360738)",117.35064575266061,39.74883942360738,1,70,100
8283,天津市河东区万隆中心大厦,"(117.22706864840002, 39.13147362052053)",117.22706864840002,39.13147362052053,1,75,100
8284,天津市北辰区万隆桃香园,"(117.16646850954415, 39.20129051962412)",117.16646850954415,39.20129051962412,1,70,100
8285,天津市东丽区万隆花园,"(117.28966554074347, 39.1288644920705)",117.28966554074347,39.1288644920705,1,70,100
8286,天津市河西区万顺温泉花园,"(117.21499218844609, 39.097230033671025)",117.21499218844609,39.097230033671025,1,70,100
8287,天津市东丽区万顺空港融和广场雅仕阁公寓,"(117.39864688724738, 39.15218275249571)",117.39864688724738,39.15218275249571,1,70,100
8288,天津市河东区万顺里,"(117.27198203745735, 39.13032229950504)",117.27198203745735,39.13032229950504,1,70,100
8289,天津市河西区三义大厦,"(117.22441164036262, 39.11599297511418)",117.22441164036262,39.11599297511418,0,50,100
8290,天津市和平区三乐里,"(117.19972764223724, 39.12004073184489)",117.19972764223724,39.12004073184489,1,70,100
8291,天津市河西区三元公寓,"(117.22360612981183, 39.10703628509444)",117.22360612981183,39.10703628509444,1,70,100
8292,天津市蓟州区三六一五家属院,"(117.32215168154521, 40.07768917735271)",117.32215168154521,40.07768917735271,1,70,100
8293,天津市和平区三友里,"(117.1974794530374, 39.11667327440322)",117.1974794530374,39.11667327440322,1,70,100
8294,天津市滨海新区三号院中区,"(117.69451287984428, 39.031388995461214)",117.69451287984428,39.031388995461214,1,70,100
8295,天津市滨海新区三号院中区东里,"(117.5040274659451, 38.74131496928414)",117.5040274659451,38.74131496928414,1,70,100
8296,天津市河西区三合里,"(117.20511073800579, 39.104253497831884)",117.20511073800579,39.104253497831884,1,70,100
8297,天津市河北区三和温泉花园人和园,"(117.24474703134474, 39.18282910827747)",117.24474703134474,39.18282910827747,1,70,100
8298,天津市河北区三和温泉花园地利园,"(117.24579607251928, 39.18413575257941)",117.24579607251928,39.18413575257941,1,70,100
8299,天津市河北区三和温泉花园天时园,"(117.24689191541091, 39.18595881920186)",117.24689191541091,39.18595881920186,1,70,100
8300,天津市河西区三商大楼,"(117.22400803169697, 39.099436658141315)",117.22400803169697,39.099436658141315,1,70,100
8301,天津市和平区三多里,"(117.19820384660066, 39.126728418631075)",117.19820384660066,39.126728418631075,0,30,100
8302,天津市蓟州区三府公寓,"(117.4168475450156, 40.0482362235452)",117.4168475450156,40.0482362235452,1,70,100
8303,天津市和平区三德里(和平区),"(117.21222244306718, 39.12901156862318)",117.21222244306718,39.12901156862318,1,70,100
8304,天津市河西区三德里(河西区),"(0, 0)",0.0,0.0,0,0,0
8305,天津市河北区三戒里,"(117.20211956031865, 39.16498703854261)",117.20211956031865,39.16498703854261,1,70,100
8306,天津市滨海新区三明里,"(117.79473332220103, 39.24795921146187)",117.79473332220103,39.24795921146187,1,70,100
8307,天津市塘沽区三星里,"(117.67151823506096, 39.03010941258077)",117.67151823506096,39.03010941258077,1,70,100
8308,天津市滨海新区三春里,"(117.46396681308323, 38.8484075079359)",117.46396681308323,38.8484075079359,1,70,100
8309,天津市河西区三水南里,"(117.26956936851865, 39.06171931082974)",117.26956936851865,39.06171931082974,1,70,100
8310,天津市红桥区三江里,"(117.17992126336993, 39.169964601573895)",117.17992126336993,39.169964601573895,1,70,100
8311,天津市滨海新区三湖里,"(117.81836639271027, 39.25020354026395)",117.81836639271027,39.25020354026395,1,70,100
8312,天津市东丽区三源英华郡,"(117.52308825123912, 39.18956845673849)",117.52308825123912,39.18956845673849,1,70,100
8313,天津市南开区三潭东里,"(117.16088042045824, 39.12380996430034)",117.16088042045824,39.12380996430034,1,70,100
8314,天津市南开区三潭西里,"(117.16039273039686, 39.128066131070675)",117.16039273039686,39.128066131070675,1,70,100
8315,天津市塘沽区三百吨,"(117.72942902688105, 39.004903344573215)",117.72942902688105,39.004903344573215,1,70,100
8316,天津市和平区三盛里,"(117.21513537834437, 39.11653575944467)",117.21513537834437,39.11653575944467,1,70,100
8317,天津市河东区三省里,"(117.22946883089213, 39.13443954035102)",117.22946883089213,39.13443954035102,1,70,100
8318,天津市南开区三纬路,"(117.17928616137438, 39.13426483926248)",117.17928616137438,39.13426483926248,0,30,100
8319,天津市和平区三育里,"(117.1975550005308, 39.13221464001075)",117.1975550005308,39.13221464001075,1,70,100
8320,天津市河西区三轻楼,"(117.20632928943006, 39.08960000711815)",117.20632928943006,39.08960000711815,1,70,100
8321,天津市东丽区上东金茂府,"(117.30203664490469, 39.12631495268941)",117.30203664490469,39.12631495268941,1,70,100
8322,天津市东丽区上东金茂悦,"(117.32031204169132, 39.14828613247959)",117.32031204169132,39.14828613247959,1,70,100
8323,天津市东丽区上东金茂智慧科学城,"(117.29630464727607, 39.118385435448545)",117.29630464727607,39.118385435448545,1,70,100
8324,天津市宝坻区上京和园,"(117.37885479143769, 39.54893700014377)",117.37885479143769,39.54893700014377,1,70,100
8325,天津市宝坻区上京嘉园,"(117.40408199490496, 39.54040726159162)",117.40408199490496,39.54040726159162,1,70,100
8326,天津市宝坻区上京康园,"(117.39662956256363, 39.531073339034926)",117.39662956256363,39.531073339034926,0,50,100
8327,天津市宝坻区上京顺园,"(117.38579168624685, 39.53301383676524)",117.38579168624685,39.53301383676524,1,70,100
8328,天津市津南区上悦花园,"(117.32925557134867, 39.03778102469292)",117.32925557134867,39.03778102469292,1,70,100
8329,天津市河东区上杭花园,"(117.26808500849397, 39.14963455395368)",117.26808500849397,39.14963455395368,1,70,100
8330,天津市河北区上江花园,"(117.26569632431239, 39.17295391978676)",117.26569632431239,39.17295391978676,1,70,100
8331,天津市塘沽区上海道,"(117.66127710309446, 39.024246379353215)",117.66127710309446,39.024246379353215,0,30,100
8332,天津市南开区专家公寓,"(117.16090341707928, 39.11589143002728)",117.16090341707928,39.11589143002728,1,70,100
8333,天津市武清区世侨唐墅,"(116.81150281778471, 39.55975749913213)",116.81150281778471,39.55975749913213,1,70,100
8334,天津市和平区世升花园,"(117.20226203157253, 39.11794812666139)",117.20226203157253,39.11794812666139,1,70,100
8335,天津市滨海新区世嘉,"(117.83114703435349, 39.23951908801198)",117.83114703435349,39.23951908801198,0,50,100
8336,天津市武清区世嘉花苑,"(116.91573599085454, 39.308423054268005)",116.91573599085454,39.308423054268005,1,75,100
8337,天津市和平区世家新苑,"(117.19576710307429, 39.11543115110185)",117.19576710307429,39.11543115110185,1,70,100
8338,天津市开发区世富嘉园,"(117.71006389568025, 39.03131234166312)",117.71006389568025,39.03131234166312,1,70,100
8339,天津市和平区世昌里,"(117.19689196123387, 39.122880620786994)",117.19689196123387,39.122880620786994,1,70,100
8340,天津市和平区世界里,"(117.20671933368249, 39.118155549509346)",117.20671933368249,39.118155549509346,1,70,100
8341,天津市海河教育园区世纪佳园,"(117.38051486002014, 38.99596012686086)",117.38051486002014,38.99596012686086,1,70,100
8342,天津市塘沽区世纪向阳居,"(117.67199927766156, 39.03396525704165)",117.67199927766156,39.03396525704165,1,70,100
8343,天津市开发区世纪新村,"(117.69130934273458, 39.04253303314251)",117.69130934273458,39.04253303314251,1,70,100
8344,天津市西青区世纪新苑,"(117.02084249654116, 39.14461328838462)",117.02084249654116,39.14461328838462,1,70,100
8345,天津市河西区世纪梧桐公寓,"(117.22935348846465, 39.06836068344578)",117.22935348846465,39.06836068344578,1,70,100
8346,天津市河东区世纪泰豪酒店公寓,"(0, 0)",0.0,0.0,0,0,0
8347,天津市塘沽区世纪祥和家园(塘沽区),"(117.70550391725051, 39.012250060683904)",117.70550391725051,39.012250060683904,1,70,100
8348,天津市河北区世纪祥和家园(河北区),"(117.24810741259647, 39.17471029164579)",117.24810741259647,39.17471029164579,1,70,100
8349,天津市南开区世纪花园(南开区),"(117.18649200885322, 39.13761360882339)",117.18649200885322,39.13761360882339,1,70,100
8350,天津市滨海新区世纪花园(大港区),"(117.81778006870393, 39.263482022417236)",117.81778006870393,39.263482022417236,1,70,57
8351,天津市滨海新区世纪花园(汉沽区),"(117.81778006870393, 39.263482022417236)",117.81778006870393,39.263482022417236,1,70,57
8352,天津市塘沽区世纪金三角公寓,"(117.66802733001863, 39.025353828913815)",117.66802733001863,39.025353828913815,1,70,100
8353,天津市河西区世芳园,"(117.26573153788839, 39.0854087108166)",117.26573153788839,39.0854087108166,1,70,100
8354,天津市滨海新区世茂国风锦唐,"(117.77104096352812, 39.13498735871226)",117.77104096352812,39.13498735871226,1,70,100
8355,天津市武清区世茂国风雅颂,"(117.08648230896911, 39.336156198058376)",117.08648230896911,39.336156198058376,0,50,100
8356,天津市滨海新区世茂玖熙,"(117.75339878229545, 39.113565370298524)",117.75339878229545,39.113565370298524,1,75,100
8357,天津市津南区世茂璀璨公园,"(0, 0)",0.0,0.0,0,0,0
8358,天津市滨海新区世茂璟苑,"(117.7451069732856, 39.115854129141646)",117.7451069732856,39.115854129141646,1,70,100
8359,天津市滨海新区世茂英郡,"(117.74748892017587, 39.11315259630951)",117.74748892017587,39.11315259630951,1,70,100
8360,天津市滨海新区世茂鲲玺园,"(117.7493785058161, 39.116119783795675)",117.7493785058161,39.116119783795675,1,70,100
8361,天津市滨海新区世茂鲲贝园,"(117.7454805785472, 39.118108662482186)",117.7454805785472,39.118108662482186,1,70,100
8362,天津市东丽区东丽1号,"(117.36001822319896, 39.08389332450566)",117.36001822319896,39.08389332450566,1,70,100
8363,天津市东丽区东丽区春园里,"(0, 0)",0.0,0.0,0,0,0
8364,天津市东丽区东丽湖万科城,"(117.50580620068541, 39.18688110104636)",117.50580620068541,39.18688110104636,1,70,100
8365,天津市东丽区东丽湖万科城阅桦苑,"(117.51234793090073, 39.18540364047755)",117.51234793090073,39.18540364047755,1,70,100
8366,天津市和平区东亚里,"(117.19821399745292, 39.11867109479174)",117.19821399745292,39.11867109479174,1,70,100
8367,天津市河东区东亚风尚国际,"(117.22880704922294, 39.13981616020738)",117.22880704922294,39.13981616020738,1,70,100
8368,天津市西青区东兴南里,"(117.09623997291014, 39.133272525991174)",117.09623997291014,39.133272525991174,1,70,100
8369,天津市河东区东兴园,"(117.26166850206674, 39.11885640184515)",117.26166850206674,39.11885640184515,1,70,100
8370,天津市西青区东兴里（西青区）,"(116.95106814317299, 38.93290224745177)",116.95106814317299,38.93290224745177,0,30,100
8371,天津市滨海新区东区,"(0, 0)",0.0,0.0,0,0,0
8372,天津市静海区东升北里,"(116.94516771326126, 38.94451182736843)",116.94516771326126,38.94451182736843,1,70,100
8373,天津市武清区东升里,"(117.09251532877411, 39.38867949483581)",117.09251532877411,39.38867949483581,1,70,100
8374,天津市北辰区东升里小区,"(117.14689452231228, 39.22670592052232)",117.14689452231228,39.22670592052232,1,70,100
8375,天津市静海区东华楼,"(116.93125969820302, 39.020676900770425)",116.93125969820302,39.020676900770425,0,50,100
8376,天津市河北区东华里,"(117.1893973085336, 39.179505301438574)",117.1893973085336,39.179505301438574,0,50,100
8377,天津市河东区东和家园,"(117.25550253304625, 39.118857171624185)",117.25550253304625,39.118857171624185,1,70,100
8378,天津市东丽区东园花园,"(117.36309222465411, 39.084510713261906)",117.36309222465411,39.084510713261906,1,70,100
8379,天津市东丽区东城家园,"(117.30284134698053, 39.12023317307726)",117.30284134698053,39.12023317307726,1,70,100
8380,天津市蓟州区东城根胡同,"(0, 0)",0.0,0.0,0,0,0
8381,天津市红桥区东大楼小区,"(117.1681932561233, 39.1874110999729)",117.1681932561233,39.1874110999729,1,70,100
8382,天津市河东区东尚名居,"(117.25312723361677, 39.128713007095726)",117.25312723361677,39.128713007095726,1,70,100
8383,天津市河东区东局子,"(117.27254743094534, 39.13724862067734)",117.27254743094534,39.13724862067734,1,70,100
8384,天津市河东区东屏园,"(117.23762481610888, 39.1476029232574)",117.23762481610888,39.1476029232574,1,70,100
8385,天津市红桥区东岳楼,"(117.16619793992456, 39.1911276208507)",117.16619793992456,39.1911276208507,1,70,100
8386,天津市滨海新区东岸彩苑,"(117.83597012646712, 39.23101918222002)",117.83597012646712,39.23101918222002,1,70,100
8387,天津市滨海新区东岸虹苑,"(117.83724428300246, 39.229843023417686)",117.83724428300246,39.229843023417686,1,70,100
8388,天津市南开区东川里,"(117.1495777608706, 39.127308414370304)",117.1495777608706,39.127308414370304,1,70,100
8389,天津市河东区东康家园,"(117.2683714781211, 39.158377152011454)",117.2683714781211,39.158377152011454,1,70,100
8390,天津市开发区东方名居,"(117.6910810833045, 39.038091674608836)",117.6910810833045,39.038091674608836,1,70,100
8391,天津市滨海新区东方文化广场,"(117.75890530524106, 39.11085297086325)",117.75890530524106,39.11085297086325,1,75,100
8392,天津市蓟州区东方明珠苑,"(117.38168337582752, 40.042366173743694)",117.38168337582752,40.042366173743694,1,70,100
8393,天津市红桥区东方楼,"(117.14758145653576, 39.19390540939012)",117.14758145653576,39.19390540939012,1,70,100
8394,天津市塘沽区东方里,"(117.67392695145541, 39.040716660461946)",117.67392695145541,39.040716660461946,1,70,100
8395,天津市河东区东旭新里,"(117.249178462256, 39.11262189331132)",117.249178462256,39.11262189331132,1,70,100
8396,天津市津南区东旺家园,"(117.41438196588236, 38.997398131224045)",117.41438196588236,38.997398131224045,1,70,100
8397,天津市武清区东旺楼,"(117.08166972702995, 39.38983735081357)",117.08166972702995,39.38983735081357,1,70,100
8398,天津市河北区东昌里,"(117.19267351855902, 39.181107200484426)",117.19267351855902,39.181107200484426,1,70,100
8399,天津市河北区东昌里红旗楼,"(117.1931874391413, 39.180737755250355)",117.1931874391413,39.180737755250355,0,50,100
8400,天津市河北区东明里,"(117.19469407714261, 39.18118403981314)",117.19469407714261,39.18118403981314,1,70,100
8401,天津市河东区东景大厦,"(117.21835661207261, 39.149249483195945)",117.21835661207261,39.149249483195945,1,70,100
8402,天津市河西区东江南里,"(117.27757003671272, 39.072446140704805)",117.27757003671272,39.072446140704805,1,70,100
8403,天津市塘沽区东海云天,"(0, 0)",0.0,0.0,0,0,0
8404,天津市塘沽区东海岸家园,"(117.64825876981331, 39.06918990909726)",117.64825876981331,39.06918990909726,1,70,100
8405,天津市河北区东海花园,"(117.2379829705157, 39.10909338227009)",117.2379829705157,39.10909338227009,0,50,100
8406,天津市河西区东海里,"(117.27752134855407, 39.070982714464115)",117.27752134855407,39.070982714464115,1,70,100
8407,天津市河东区东润名邸,"(117.24748012585886, 39.11221597243407)",117.24748012585886,39.11221597243407,1,70,100
8408,天津市河北区东湖花园,"(117.19363129189377, 39.18192173501067)",117.19363129189377,39.18192173501067,1,70,100
8409,天津市滨海新区东滨温馨家园,"(117.81813633666918, 39.27124687682242)",117.81813633666918,39.27124687682242,1,70,100
8410,天津市滨海新区东滨里,"(117.81805701629264, 39.26634917343803)",117.81805701629264,39.26634917343803,1,70,100
8411,天津市武清区东澳广场,"(117.08876220835344, 39.34571562852712)",117.08876220835344,39.34571562852712,1,75,100
8412,天津市河北区东环,"(0, 0)",0.0,0.0,0,0,0
8413,天津市滨海新区东环路,"(117.75665837366897, 39.00696120074676)",117.75665837366897,39.00696120074676,0,30,100
8414,天津市河东区东瑞家园,"(117.26721077757166, 39.163670804038)",117.26721077757166,39.163670804038,1,70,100
8415,天津市滨海新区东疆国际,"(117.82382252071679, 39.00789159351069)",117.82382252071679,39.00789159351069,1,75,100
8416,天津市河东区东盈园,"(117.23636709856436, 39.14665878663954)",117.23636709856436,39.14665878663954,1,70,100
8417,天津市河北区东秀里,"(117.19005585630295, 39.18072950493703)",117.19005585630295,39.18072950493703,1,70,100
8418,天津市武清区东篱佳苑,"(116.99566434055474, 39.52877444455116)",116.99566434055474,39.52877444455116,1,70,100
8419,天津市武清区东篱新苑,"(117.0044164413079, 39.52678735485331)",117.0044164413079,39.52678735485331,1,70,100
8420,天津市河北区东联里,"(117.1921295047422, 39.18035257644504)",117.1921295047422,39.18035257644504,1,70,100
8421,天津市武清区东胜花园,"(116.91877163466441, 39.19152560303613)",116.91877163466441,39.19152560303613,1,70,100
8422,天津市河西区东舍宅,"(117.24232430138433, 39.1050573104281)",117.24232430138433,39.1050573104281,1,70,100
8423,天津市河西区东花园大楼,"(117.28068041954101, 39.07717136021278)",117.28068041954101,39.07717136021278,1,70,100
8424,天津市开发区东英广场,"(117.69910402947522, 39.044251352479925)",117.69910402947522,39.044251352479925,1,70,100
8425,天津市河西区东莱里,"(117.22875351021455, 39.117074760548284)",117.22875351021455,39.117074760548284,1,70,100
8426,天津市武清区东辰广场,"(116.8346524202685, 39.557440647838476)",116.8346524202685,39.557440647838476,1,70,100
8427,天津市河西区东逸大厦,"(117.24148743997122, 39.08927117313395)",117.24148743997122,39.08927117313395,1,75,100
8428,天津市河北区东锦里,"(117.19210902337656, 39.183937195121544)",117.19210902337656,39.183937195121544,1,70,100
8429,天津市南开区东风巷,"(0, 0)",0.0,0.0,0,0,0
8430,天津市河西区东风里,"(117.19437751428092, 39.098148798155485)",117.19437751428092,39.098148798155485,1,70,100
8431,天津市塘沽区东风里(塘沽区),"(117.43830896195448, 38.91974942952465)",117.43830896195448,38.91974942952465,1,70,100
8432,天津市津南区东风里(津南区),"(117.43830896195448, 38.91974942952465)",117.43830896195448,38.91974942952465,1,70,100
8433,天津市蓟州区东风里三段,"(117.41990124476622, 40.05913085088448)",117.41990124476622,40.05913085088448,1,70,57
8434,天津市蓟州区中专家属楼,"(0, 0)",0.0,0.0,0,0,0
8435,天津市河西区中乒公寓,"(117.21870856817141, 39.08665136751212)",117.21870856817141,39.08665136751212,1,70,100
8436,天津市滨海新区中交上东湾,"(117.82084149388191, 39.04122703182322)",117.82084149388191,39.04122703182322,1,70,100
8437,天津市西青区中交樾公馆,"(117.04767281602153, 39.05188429179596)",117.04767281602153,39.05188429179596,1,70,100
8438,天津市宝坻区中交金梧桐公馆,"(117.2832753546677, 39.716760584847194)",117.2832753546677,39.716760584847194,1,70,100
8439,天津市东丽区中交雅郡·城东春晓,"(117.2778111419116, 39.2049368960997)",117.2778111419116,39.2049368960997,1,70,100
8440,天津市宝坻区中交香颂,"(117.27781383682813, 39.71947582440369)",117.27781383682813,39.71947582440369,1,70,100
8441,天津市宝坻区中保住宅楼,"(117.311072610199, 39.72302056987809)",117.311072610199,39.72302056987809,1,70,100
8442,天津市宝坻区中保水利楼,"(117.31384621829162, 39.72216397052456)",117.31384621829162,39.72216397052456,1,70,100
8443,天津市宝坻区中保财政楼,"(117.31957381422323, 39.74327926351873)",117.31957381422323,39.74327926351873,1,75,100
8444,天津市西青区中信·珺台碧和园,"(117.11722915064243, 39.11106433408029)",117.11722915064243,39.11106433408029,1,70,100
8445,天津市西青区中信·珺台碧珺园,"(117.11698382340765, 39.10929586214335)",117.11698382340765,39.10929586214335,0,50,100
8446,天津市武清区中信广场国际公寓,"(117.07947624463569, 39.37672539942954)",117.07947624463569,39.37672539942954,1,70,100
8447,天津市北辰区中储城邦,"(117.17413958944661, 39.20925325351461)",117.17413958944661,39.20925325351461,0,50,57
8448,天津市河东区中储正荣栋境,"(117.26561098528894, 39.12436213446206)",117.26561098528894,39.12436213446206,1,70,100
8449,天津市红桥区中兴泊仕湾,"(117.16190403958686, 39.18452014143141)",117.16190403958686,39.18452014143141,1,70,100
8450,天津市蓟州区中冶帝景,"(117.44354150171955, 40.060955885154144)",117.44354150171955,40.060955885154144,1,70,100
8451,天津市滨海新区中加生态城示范区班芙小镇枫博园,"(117.79697405546511, 39.113563130771766)",117.79697405546511,39.113563130771766,1,70,100
8452,天津市滨海新区中加生态城示范区班芙小镇枫智园,"(117.78774495448616, 39.10959366676758)",117.78774495448616,39.10959366676758,1,70,100
8453,天津市滨海新区中加生态示范区班芙小镇,"(117.79572900402829, 39.11061809098893)",117.79572900402829,39.11061809098893,1,70,100
8454,天津市西青区中北祥云,"(117.0861169681182, 39.13474017632338)",117.0861169681182,39.13474017632338,1,70,100
8455,天津市河东区中北里,"(117.2410963177522, 39.146110150449324)",117.2410963177522,39.146110150449324,1,70,100
8456,天津市静海区中南君悦府,"(116.96720395589597, 38.9430951196979)",116.96720395589597,38.9430951196979,1,70,100
8457,天津市西青区中发里,"(117.18588439500627, 39.06329960997004)",117.18588439500627,39.06329960997004,1,70,100
8458,天津市滨海新区中和苑,"(117.5367300085442, 38.8472381174454)",117.5367300085442,38.8472381174454,1,70,100
8459,天津市红桥区中嘉花园怡水苑,"(117.15369173061464, 39.179878668653366)",117.15369173061464,39.179878668653366,1,70,100
8460,天津市红桥区中嘉花园澄水苑,"(117.1507315444676, 39.180710836851546)",117.1507315444676,39.180710836851546,1,70,100
8461,天津市红桥区中嘉花园秀水苑,"(117.15283780139686, 39.1786554990178)",117.15283780139686,39.1786554990178,1,70,100
8462,天津市红桥区中嘉花园秋水苑,"(117.14991516442015, 39.17936951833407)",117.14991516442015,39.17936951833407,1,70,100
8463,天津市红桥区中嘉花园绮水苑,"(117.15161924997257, 39.182211748955254)",117.15161924997257,39.182211748955254,1,70,100
8464,天津市塘沽区中国塘,"(117.6863193454572, 39.01760124459685)",117.6863193454572,39.01760124459685,1,70,100
8465,天津市塘沽区中国石油住宅区,"(117.65522027819344, 39.04114996843794)",117.65522027819344,39.04114996843794,1,70,100
8466,天津市南开区中国窗,"(117.18592652553468, 39.12998700998741)",117.18592652553468,39.12998700998741,1,75,100
8467,天津市河北区中国铁建公馆189,"(117.23965750181686, 39.174237184603925)",117.23965750181686,39.174237184603925,1,70,100
8468,天津市河北区中国铁建国际城瑞庭凤苑,"(117.24847365175289, 39.1827968770823)",117.24847365175289,39.1827968770823,1,70,100
8469,天津市河北区中国铁建国际城瑞庭颂苑,"(117.24847365175289, 39.1827968770823)",117.24847365175289,39.1827968770823,1,70,100
8470,天津市河北区中国铁建国际城诗景凤苑,"(117.23470658082915, 39.17483132989606)",117.23470658082915,39.17483132989606,1,70,100
8471,天津市河北区中国铁建国际城诗景雅苑,"(117.23748737536586, 39.175151650213834)",117.23748737536586,39.175151650213834,1,70,100
8472,天津市河北区中国铁建国际城诗景颂苑,"(117.23768518223915, 39.173733657015866)",117.23768518223915,39.173733657015866,1,70,100
8473,天津市河北区中国铁建国际城香湾凤苑,"(117.24186670455755, 39.176994949326826)",117.24186670455755,39.176994949326826,1,70,100
8474,天津市河北区中国铁建西派国印,"(117.22374249258823, 39.16345862087944)",117.22374249258823,39.16345862087944,1,70,100
8475,天津市河北区中宇里,"(117.20707847622538, 39.161673361480496)",117.20707847622538,39.161673361480496,1,70,100
8476,天津市河北区中宜里,"(117.2134729741676, 39.19350813984366)",117.2134729741676,39.19350813984366,1,70,100
8477,天津市河北区中山东里,"(117.23553796257865, 39.17706808734295)",117.23553796257865,39.17706808734295,1,70,100
8478,天津市河北区中山北里,"(117.23392936690193, 39.17785574954855)",117.23392936690193,39.17785574954855,1,70,100
8479,天津市河北区中山大厦,"(117.21029306249284, 39.16945146283958)",117.21029306249284,39.16945146283958,1,70,100
8480,天津市河北区中山路,"(117.21504725457385, 39.17131064625496)",117.21504725457385,39.17131064625496,0,30,100
8481,天津市河东区中山门东里,"(117.2764153548102, 39.11264337905757)",117.2764153548102,39.11264337905757,1,70,100
8482,天津市河东区中山门二号路9号,"(117.26384895903111, 39.115563699426126)",117.26384895903111,39.115563699426126,1,80,100
8483,天津市河东区中山门北里,"(117.26886922920417, 39.116169891356975)",117.26886922920417,39.116169891356975,1,70,100
8484,天津市河东区中山门南里,"(117.27192301878536, 39.10794869155638)",117.27192301878536,39.10794869155638,1,70,100
8485,天津市河东区中山门四号路,"(117.27536101363313, 39.109708938863236)",117.27536101363313,39.109708938863236,0,30,100
8486,天津市河东区中山门西里,"(117.26444103219275, 39.11166916529148)",117.26444103219275,39.11166916529148,1,70,100
8487,天津市滨海新区中建·海纳府,"(117.75206434946038, 39.13988297094318)",117.75206434946038,39.13988297094318,1,70,100
8488,天津市塘沽区中建城源和湾,"(117.58968700479896, 38.98562011112738)",117.58968700479896,38.98562011112738,1,70,100
8489,天津市武清区中建壹方九里,"(116.99430700092917, 39.40400407753497)",116.99430700092917,39.40400407753497,1,70,100
8490,天津市武清区中建壹方九里（二期）,"(116.99430700092917, 39.40400407753497)",116.99430700092917,39.40400407753497,1,70,57
8491,天津市塘沽区中建幸福城,"(117.66502887605687, 39.10827323829893)",117.66502887605687,39.10827323829893,1,70,100
8492,天津市东丽区中建新丽壹号,"(117.33815274844169, 39.08895780978095)",117.33815274844169,39.08895780978095,1,70,100
8493,天津市塘沽区中建滨海壹号,"(117.64147692253518, 39.06509123553383)",117.64147692253518,39.06509123553383,1,70,100
8494,天津市塘沽区中心北路,"(116.88377149606244, 38.70563350152582)",116.88377149606244,38.70563350152582,0,30,100
8495,天津市塘沽区中心北里,"(117.66708994821897, 39.047293475797645)",117.66708994821897,39.047293475797645,1,70,100
8496,天津市静海区中惠团泊湾,"(117.16146755293956, 38.90216826869074)",117.16146755293956,38.90216826869074,1,70,100
8497,天津市塘沽区中惠熙元广场,"(117.67662537137684, 39.00779556891318)",117.67662537137684,39.00779556891318,0,50,100
8498,天津市静海区中昂安纳西小镇,"(117.08930200013438, 38.991007117961544)",117.08930200013438,38.991007117961544,1,70,100
8499,天津市蓟州区中昌新村东区,"(117.42794718755799, 40.062489099506294)",117.42794718755799,40.062489099506294,1,70,100
8500,天津市蓟州区中昌新村南区,"(117.42642222412425, 40.058517801161265)",117.42642222412425,40.058517801161265,1,70,100
8501,天津市蓟州区中昌新村西区,"(117.42565111867448, 40.061136183909994)",117.42565111867448,40.061136183909994,1,70,100
8502,天津市滨海新区中核海润府,"(117.49692052190291, 38.87028817014037)",117.49692052190291,38.87028817014037,0,50,100
8503,天津市河北区中汇大厦,"(117.20956929774344, 39.17021739338921)",117.20956929774344,39.17021739338921,1,75,100
8504,天津市红桥区中江楼,"(117.16991872134687, 39.1825672031669)",117.16991872134687,39.1825672031669,1,70,100
8505,天津市武清区中浩智城,"(116.94737673634084, 39.27397936573492)",116.94737673634084,39.27397936573492,1,70,100
8506,天津市河东区中海·城市广场·钻石湾,"(117.22717123488927, 39.12940073924465)",117.22717123488927,39.12940073924465,1,70,100
8507,天津市海河教育园区中海·锦城,"(117.36795169814089, 38.99835844347501)",117.36795169814089,38.99835844347501,1,70,100
8508,天津市河西区中海八里臺,"(117.18924944744664, 39.10436065937975)",117.18924944744664,39.10436065937975,1,70,100
8509,天津市津南区中海国际公园城,"(117.3609079948066, 38.91993006971181)",117.3609079948066,38.91993006971181,1,70,100
8510,天津市河西区中海复兴九里,"(117.25702992190487, 39.08470339232994)",117.25702992190487,39.08470339232994,1,70,100
8511,天津市河西区中海学府公馆,"(117.25566656363237, 39.085079857131944)",117.25566656363237,39.085079857131944,1,70,100
8512,天津市河西区中海寰宇天下,"(117.2615831630433, 39.0848542725524)",117.2615831630433,39.0848542725524,1,70,100
8513,天津市南开区中海御湖翰苑,"(117.15484443624504, 39.0874611933706)",117.15484443624504,39.0874611933706,1,70,100
8514,天津市塘沽区中海金湖湾,"(117.64557202786351, 39.062645265117716)",117.64557202786351,39.062645265117716,1,70,100
8515,天津市和平区中环公寓,"(117.19408574465128, 39.10794848158388)",117.19408574465128,39.10794848158388,1,70,100
8516,天津市河北区中环福境,"(117.1989062316789, 39.19119787783939)",117.1989062316789,39.19119787783939,1,70,100
8517,天津市开发区中盈小区,"(117.7044632303172, 39.04238738598755)",117.7044632303172,39.04238738598755,1,70,100
8518,天津市西青区中盛里,"(117.18272604266375, 39.06362513427632)",117.18272604266375,39.06362513427632,1,70,100
8519,天津市滨海新区中福朗诗朗福园,"(117.796139799138, 39.10460850920184)",117.796139799138,39.10460850920184,1,70,100
8520,天津市滨海新区中福朗诗翠微澜阁,"(117.79649624676436, 39.106864105184435)",117.79649624676436,39.106864105184435,1,70,100
8521,天津市河东区中粮大道,"(0, 0)",0.0,0.0,0,0,0
8522,天津市宝坻区中航瑞祥花园,"(117.3151701409522, 39.727528222947285)",117.3151701409522,39.727528222947285,1,70,100
8523,天津市蓟州区中节能远景城,"(117.44592856895122, 40.05449953366359)",117.44592856895122,40.05449953366359,1,70,100
8524,天津市河西区中裕园,"(117.22400803169697, 39.10316801418887)",117.22400803169697,39.10316801418887,1,70,100
8525,天津市河西区中豪世纪花园,"(117.225238440754, 39.100934488292026)",117.225238440754,39.100934488292026,1,70,100
8526,天津市河西区中豪国际大厦,"(117.22621795308208, 39.10031948443015)",117.22621795308208,39.10031948443015,1,75,100
8527,天津市河北区中远里,"(117.20806310889486, 39.15999639153205)",117.20806310889486,39.15999639153205,1,70,100
8528,天津市河西区中钢大厦,"(117.22966142759348, 39.102886561236026)",117.22966142759348,39.102886561236026,1,75,100
8529,天津市塘沽区中铁·诺德名苑,"(117.6591565631076, 39.06959881085924)",117.6591565631076,39.06959881085924,1,70,100
8530,天津市津南区中铁十八局集团东区,"(117.30715914224479, 39.0685772872936)",117.30715914224479,39.0685772872936,1,70,100
8531,天津市津南区中铁十八局集团北区,"(117.30438463584666, 39.07150329939755)",117.30438463584666,39.07150329939755,1,70,100
8532,天津市津南区中铁十八局集团西区,"(117.30489172930704, 39.06967234149303)",117.30489172930704,39.06967234149303,0,50,100
8533,天津市塘沽区中铁嘉园,"(117.6547666339109, 39.03377916456973)",117.6547666339109,39.03377916456973,1,70,100
8534,天津市滨海新区中阳里,"(117.8236921765873, 39.25713402256726)",117.8236921765873,39.25713402256726,1,70,100
8535,天津市静海区中骏云景台,"(117.1744910065621, 38.8856491186539)",117.1744910065621,38.8856491186539,1,70,100
8536,天津市西青区中骏宸景湾,"(117.04979605092493, 39.14125736902762)",117.04979605092493,39.14125736902762,1,70,100
8537,天津市静海区中骏愉景城,"(117.08926984079713, 38.96837703224578)",117.08926984079713,38.96837703224578,1,70,100
8538,天津市西青区中骏柏景湾,"(117.12747701990027, 39.03335512972727)",117.12747701990027,39.03335512972727,1,70,100
8539,天津市塘沽区中骏皓景湾,"(0, 0)",0.0,0.0,0,0,0
8540,天津市西青区中骏雍景府,"(117.03564504422623, 39.05854417726332)",117.03564504422623,39.05854417726332,1,70,100
8541,天津市河东区丰业里,"(117.22758661135708, 39.13375829458917)",117.22758661135708,39.13375829458917,1,70,100
8542,天津市河东区丰乐里,"(117.27870827962442, 39.10632201566623)",117.27870827962442,39.10632201566623,1,70,100
8543,天津市和平区丰余里,"(117.20401597308077, 39.12953319110297)",117.20401597308077,39.12953319110297,1,70,100
8544,天津市东丽区丰年北里,"(117.34638976081544, 39.09039411696399)",117.34638976081544,39.09039411696399,1,70,100
8545,天津市东丽区丰年南里,"(117.3469839899103, 39.08889277060708)",117.3469839899103,39.08889277060708,1,70,100
8546,天津市和平区丰年里,"(117.19993892369318, 39.12579001745071)",117.19993892369318,39.12579001745071,1,70,100
8547,天津市和平区丰收里,"(0, 0)",0.0,0.0,0,0,0
8548,天津市河东区丰瑞里,"(117.23658799188925, 39.122148109410865)",117.23658799188925,39.122148109410865,1,70,100
8549,天津市河东区丰盈里,"(117.24152328236107, 39.12511596459234)",117.24152328236107,39.12511596459234,1,70,100
8550,天津市河东区丰盛园,"(117.24209990466792, 39.12256677824977)",117.24209990466792,39.12256677824977,1,70,100
8551,天津市津南区丰达园,"(117.40705412851527, 38.98989583099707)",117.40705412851527,38.98989583099707,1,70,100
8552,天津市南开区临园里,"(117.18314141913156, 39.10281824520294)",117.18314141913156,39.10281824520294,1,70,100
8553,天津市南开区临平里,"(117.14043301077902, 39.14584363048406)",117.14043301077902,39.14584363048406,1,70,100
8554,天津市塘沽区临开里,"(117.71956096119284, 39.01596258688382)",117.71956096119284,39.01596258688382,1,70,100
8555,天津市东丽区临月里,"(117.28255033229058, 39.12058054565466)",117.28255033229058,39.12058054565466,0,50,100
8556,天津市南开区临江里,"(117.1604311778727, 39.132432935255174)",117.1604311778727,39.132432935255174,1,70,100
8557,天津市河东区临池里,"(117.2594716959421, 39.14698553196383)",117.2594716959421,39.14698553196383,1,70,100
8558,天津市南开区临渭佳园,"(117.1493755523003, 39.13946573510234)",117.1493755523003,39.13946573510234,1,70,100
8559,天津市南开区临潼东里,"(117.1521070298645, 39.14688731965717)",117.1521070298645,39.14688731965717,1,70,100
8560,天津市南开区临潼西里,"(117.15018016454559, 39.14601858241849)",117.15018016454559,39.14601858241849,1,70,100
8561,天津市河东区临营东里,"(117.26881506138193, 39.15703372539941)",117.26881506138193,39.15703372539941,1,70,100
8562,天津市河东区临营中里,"(117.26230405321505, 39.15878336421227)",117.26230405321505,39.15878336421227,1,70,100
8563,天津市河东区临营西里,"(0, 0)",0.0,0.0,0,0,0
8564,天津市塘沽区丹东里,"(117.66191067797064, 39.025136250511785)",117.66191067797064,39.025136250511785,1,70,100
8565,天津市北辰区丹凤里,"(117.14509306044258, 39.22852235379679)",117.14509306044258,39.22852235379679,0,50,100
8566,天津市河北区丹江里,"(117.25906404490166, 39.17360842135762)",117.25906404490166,39.17360842135762,1,70,100
8567,天津市河东区丹荔园,"(117.2906634683345, 39.15953598356474)",117.2906634683345,39.15953598356474,0,50,100
8568,天津市河东区丹阳北里,"(117.24302129662951, 39.15489557588248)",117.24302129662951,39.15489557588248,1,70,100
8569,天津市滨海新区丹霞园,"(117.24085916509755, 38.64212617863888)",117.24085916509755,38.64212617863888,1,70,100
8570,天津市河北区丹霞里,"(117.22270701582687, 39.157740552308205)",117.22270701582687,39.157740552308205,1,70,100
8571,天津市南开区丹颐园,"(117.1612964257399, 39.10454992405068)",117.1612964257399,39.10454992405068,1,70,100
8572,天津市东丽区丽华教师公寓,"(117.32959926303678, 39.09335323964807)",117.32959926303678,39.09335323964807,1,70,100
8573,天津市武清区丽德花园,"(117.02947907520574, 39.370545125087595)",117.02947907520574,39.370545125087595,1,70,100
8574,天津市东丽区丽新里,"(117.33410094143895, 39.09300244149071)",117.33410094143895,39.09300244149071,0,50,100
8575,天津市滨海新区丽景名苑,"(117.83123003778262, 39.23795402080054)",117.83123003778262,39.23795402080054,1,70,100
8576,天津市塘沽区丽景胜和园,"(117.65828421862687, 39.03480953332371)",117.65828421862687,39.03480953332371,1,70,100
8577,天津市武清区丽景花园,"(116.85175049785377, 39.448076891867956)",116.85175049785377,39.448076891867956,1,70,100
8578,天津市东丽区丽水公寓,"(117.49471625984253, 39.054542172086265)",117.49471625984253,39.054542172086265,1,70,100
8579,天津市津南区丽水新苑,"(117.44601633339954, 38.91923192861295)",117.44601633339954,38.91923192861295,1,70,100
8580,天津市红桥区丽水苑,"(117.15376098996946, 39.18347813370722)",117.15376098996946,39.18347813370722,1,70,100
8581,天津市西青区丽江花园,"(117.19566685217939, 39.06888941134926)",117.19566685217939,39.06888941134926,1,70,100
8582,天津市红桥区丽泰公寓,"(117.15659137097029, 39.19234323153638)",117.15659137097029,39.19234323153638,1,70,100
8583,天津市红桥区丽泰园公寓,"(117.15659137097029, 39.19234323153638)",117.15659137097029,39.19234323153638,1,70,100
8584,天津市武清区丽泽花园,"(0, 0)",0.0,0.0,0,0,0
8585,天津市东丽区丽霞里,"(117.50672579603598, 39.05474137770982)",117.50672579603598,39.05474137770982,1,70,100
8586,天津市河西区久仰里,"(117.22802219969887, 39.11399423835138)",117.22802219969887,39.11399423835138,0,50,100
8587,天津市南开区久华里,"(117.14214545057268, 39.094646438252354)",117.14214545057268,39.094646438252354,1,70,100
8588,天津市塘沽区久安里,"(117.66879708801014, 39.02743771229615)",117.66879708801014,39.02743771229615,1,70,100
8589,天津市河东区久福园,"(117.22692869240157, 39.14206054618192)",117.22692869240157,39.14206054618192,1,70,100
8590,天津市南开区久轩家园,"(117.1404037260194, 39.15000360433409)",117.1404037260194,39.15000360433409,1,70,100
8591,天津市津南区义佳花园,"(117.33438058394418, 39.037978316274035)",117.33438058394418,39.037978316274035,1,70,100
8592,天津市南开区义兴南里,"(117.17366761973166, 39.1258711160743)",117.17366761973166,39.1258711160743,1,70,100
8593,天津市南开区义兴里,"(117.17319196696414, 39.12825910996444)",117.17319196696414,39.12825910996444,1,70,100
8594,天津市和平区义德里,"(117.19506301121557, 39.130932211640236)",117.19506301121557,39.130932211640236,1,70,100
8595,天津市河北区义江里,"(117.25727803388672, 39.1709170939798)",117.25727803388672,39.1709170939798,1,70,100
8596,天津市和平区义达里,"(117.2088529889298, 39.121546097990674)",117.2088529889298,39.121546097990674,1,70,100
8597,天津市和平区义顺里,"(117.20379301365318, 39.118578231140205)",117.20379301365318,39.118578231140205,1,70,100
8598,天津市河北区乌江北里,"(117.25648617757967, 39.17604226022672)",117.25648617757967,39.17604226022672,1,70,100
8599,天津市河北区乌江南里,"(117.2550346057061, 39.1731793599101)",117.2550346057061,39.1731793599101,1,70,100
8600,天津市河北区乌江里,"(117.25613143673378, 39.17445094323768)",117.25613143673378,39.17445094323768,1,70,100
8601,天津市河东区乐东南里,"(117.25437363251186, 39.155219484914554)",117.25437363251186,39.155219484914554,1,70,100
8602,天津市河东区乐东里,"(117.25609119264695, 39.154783106145516)",117.25609119264695,39.154783106145516,1,70,100
8603,天津市河东区乐东馨园,"(117.25513467693992, 39.155023502993544)",117.25513467693992,39.155023502993544,1,70,100
8604,天津市和平区乐余里,"(117.1896090391423, 39.12991662137428)",117.1896090391423,39.12991662137428,1,70,100
8605,天津市和平区乐华里,"(0, 0)",0.0,0.0,0,0,0
8606,天津市蓟州区乐园公寓二期,"(117.43339208674563, 40.042304929771944)",117.43339208674563,40.042304929771944,1,70,100
8607,天津市蓟州区乐园温泉公寓,"(117.43337977996012, 40.04452535079997)",117.43337977996012,40.04452535079997,1,70,100
8608,天津市南开区乐园里,"(0, 0)",0.0,0.0,0,0,0
8609,天津市红桥区乐安里,"(117.15734415098767, 39.151494405315255)",117.15734415098767,39.151494405315255,1,70,100
8610,天津市和平区乐寿里,"(117.1940675090494, 39.129645351672)",117.1940675090494,39.129645351672,1,70,100
8611,天津市河北区乐山里,"(117.24801704306216, 39.162658837030435)",117.24801704306216,39.162658837030435,1,70,100
8612,天津市和平区乐昌里,"(117.187512394082, 39.11177904496599)",117.187512394082,39.11177904496599,1,70,100
8613,天津市河北区乐桥里,"(117.24649261861173, 39.18107853428915)",117.24649261861173,39.18107853428915,1,70,100
8614,天津市和平区乐民里,"(117.20189821784099, 39.1115430484076)",117.20189821784099,39.1115430484076,1,70,100
8615,天津市河北区乐江公寓,"(117.25127735308007, 39.16575364750466)",117.25127735308007,39.16575364750466,1,70,100
8616,天津市河北区乐活坊,"(117.24940483524453, 39.165367127144144)",117.24940483524453,39.165367127144144,1,75,100
8617,天津市和平区乐福里,"(117.18728898550167, 39.11225509491092)",117.18728898550167,39.11225509491092,1,70,100
8618,天津市西青区乐美花园,"(117.03132742862307, 39.12365461973496)",117.03132742862307,39.12365461973496,1,70,100
8619,天津市南开区乐至里,"(117.14027661578973, 39.13331597453712)",117.14027661578973,39.13331597453712,1,70,100
8620,天津市塘沽区乐达里,"(117.59842051062807, 39.04062439389051)",117.59842051062807,39.04062439389051,1,70,100
8621,天津市东丽区乔园,"(117.38177590129503, 39.1863803913284)",117.38177590129503,39.1863803913284,1,70,100
8622,天津市河西区乘云里,"(117.2199847009789, 39.105341274407145)",117.2199847009789,39.105341274407145,1,70,100
8623,天津市红桥区九和府,"(0, 0)",0.0,0.0,0,0,0
8624,天津市南开区九天庙胡同,"(117.17590970045401, 39.14752115035307)",117.17590970045401,39.14752115035307,0,30,100
8625,天津市津南区九州创意园,"(117.31442355924287, 39.0494495583319)",117.31442355924287,39.0494495583319,0,50,100
8626,天津市南开区九州国际,"(117.18626662400077, 39.143639660251104)",117.18626662400077,39.143639660251104,1,70,100
8627,天津市河西区九江里,"(117.26493519005378, 39.06573183104629)",117.26493519005378,39.06573183104629,1,70,100
8628,天津市和平区九福里,"(117.20841425651872, 39.121021756722854)",117.20841425651872,39.121021756722854,1,70,100
8629,天津市西青区九策南奥雅居,"(117.20188636020826, 39.020052642058324)",117.20188636020826,39.020052642058324,1,70,100
8630,天津市河东区九纬路,"(117.23349979720706, 39.130856086612404)",117.23349979720706,39.130856086612404,0,30,100
8631,天津市滨海新区九龙里,"(117.79303211122622, 39.254900812971236)",117.79303211122622,39.254900812971236,1,70,100
8632,天津市南开区乡宁里,"(117.13432794687209, 39.14646159149385)",117.13432794687209,39.14646159149385,1,70,100
8633,天津市武清区乡榭郦舍,"(116.80611936269398, 39.57295562394966)",116.80611936269398,39.57295562394966,1,70,100
8634,天津市河西区书苑里,"(117.24536542485781, 39.094023538558474)",117.24536542485781,39.094023538558474,1,70,100
8635,天津市南开区书香园,"(117.18259345277046, 39.12535226518755)",117.18259345277046,39.12535226518755,1,70,100
8636,天津市河北区乾华园,"(117.2113294375597, 39.166671091547194)",117.2113294375597,39.166671091547194,1,70,100
8637,天津市河北区争芳里,"(117.20159611769799, 39.17475874892545)",117.20159611769799,39.17475874892545,0,50,100
8638,天津市宝坻区二三二厂家属楼,"(117.34712223912827, 39.707879907082)",117.34712223912827,39.707879907082,0,50,57
8639,天津市河东区二号路棉一楼,"(117.26806066441465, 39.11332329103698)",117.26806066441465,39.11332329103698,1,70,100
8640,天津市武清区二号道电力公寓,"(117.0815037201717, 39.366138364746874)",117.0815037201717,39.366138364746874,1,70,100
8641,天津市河西区二疗宿舍,"(117.29191337062109, 39.07558122081344)",117.29191337062109,39.07558122081344,0,50,100
8642,天津市河北区二美里,"(117.2039693510248, 39.162241177812625)",117.2039693510248,39.162241177812625,1,70,100
8643,天津市河北区二贤里,"(117.2027220538242, 39.16314733848606)",117.2027220538242,39.16314733848606,1,70,100
8644,天津市河北区二马路,"(117.20538319406694, 39.164745836808756)",117.20538319406694,39.164745836808756,0,30,100
8645,天津市南开区二马路132号,"(117.18422477557658, 39.13458198753112)",117.18422477557658,39.13458198753112,1,70,100
8646,天津市河东区云丽园,"(117.28785033479946, 39.15598074565697)",117.28785033479946,39.15598074565697,1,70,100
8647,天津市红桥区云兴家园,"(0, 0)",0.0,0.0,0,0,0
8648,天津市南开区云华里,"(117.15316864731618, 39.0837242382927)",117.15316864731618,39.0837242382927,0,50,100
8649,天津市和平区云南路,"(117.20252433678144, 39.115441298685724)",117.20252433678144,39.115441298685724,0,30,100
8650,天津市和平区云南路48号,"(117.20782038674606, 39.1123700126859)",117.20782038674606,39.1123700126859,1,80,100
8651,天津市和平区云台花园,"(117.19348064605974, 39.129171659209646)",117.19348064605974,39.129171659209646,1,70,100
8652,天津市津南区云吉楼,"(117.43667233914586, 38.920487567039466)",117.43667233914586,38.920487567039466,1,70,100
8653,天津市南开区云居公寓,"(117.17126366435642, 39.13122467650871)",117.17126366435642,39.13122467650871,1,70,100
8654,天津市南开区云居里,"(117.17103899814838, 39.13163881306397)",117.17103899814838,39.13163881306397,1,70,100
8655,天津市河西区云山里,"(117.27309279222044, 39.067386973293054)",117.27309279222044,39.067386973293054,1,70,100
8656,天津市和平区云峰楼,"(117.21730595394813, 39.12194279771806)",117.21730595394813,39.12194279771806,1,70,100
8657,天津市和平区云峰里,"(117.20429498677217, 39.11859712578919)",117.20429498677217,39.11859712578919,1,70,100
8658,天津市河西区云广新里,"(117.24443909221591, 39.10002864017831)",117.24443909221591,39.10002864017831,0,50,100
8659,天津市和平区云成里,"(117.20331610325793, 39.114353819230544)",117.20331610325793,39.114353819230544,1,70,100
8660,天津市河西区云景大厦,"(117.23154768950332, 39.11067135195929)",117.23154768950332,39.11067135195929,0,50,100
8661,天津市静海区云景庭苑,"(117.14904398773656, 38.88249712248539)",117.14904398773656,38.88249712248539,1,70,100
8662,天津市南开区云松里,"(117.17492183388471, 39.1221474096447)",117.17492183388471,39.1221474096447,1,70,100
8663,天津市南开区云栖里,"(117.17940186312406, 39.12132783870432)",117.17940186312406,39.12132783870432,1,70,100
8664,天津市西青区云水园,"(0, 0)",0.0,0.0,0,0,0
8665,天津市和平区云汉楼,"(117.19894827237677, 39.11816121793887)",117.19894827237677,39.11816121793887,1,70,100
8666,天津市河西区云江新苑,"(117.26168098851333, 39.05819012280953)",117.26168098851333,39.05819012280953,1,70,100
8667,天津市武清区云清花园,"(117.07946375818909, 39.327060125859255)",117.07946375818909,39.327060125859255,1,70,100
8668,天津市武清区云湖庭苑,"(117.12273226002709, 39.341250297762755)",117.12273226002709,39.341250297762755,0,50,100
8669,天津市东丽区云溪蝶苑,"(117.49620735715853, 39.19730570080055)",117.49620735715853,39.19730570080055,1,70,100
8670,天津市和平区云琅大厦,"(117.18646847324885, 39.11281561471973)",117.18646847324885,39.11281561471973,1,75,100
8671,天津市和平区云琅新居,"(117.1867791072942, 39.11281386507069)",117.1867791072942,39.11281386507069,1,70,100
8672,天津市西青区云璟公寓,"(117.05158098397324, 39.05843512447989)",117.05158098397324,39.05843512447989,1,70,100
8673,天津市武清区云舒花园,"(117.07879910194227, 39.320839835255796)",117.07879910194227,39.320839835255796,1,70,100
8674,天津市南开区云轩公寓,"(117.1546283937699, 39.11450008651702)",117.1546283937699,39.11450008651702,1,70,100
8675,天津市西青区云锦世家,"(117.07961970402565, 39.11707378080452)",117.07961970402565,39.11707378080452,1,70,100
8676,天津市开发区云锦蓝庭,"(117.70414603864162, 39.02932912322005)",117.70414603864162,39.02932912322005,1,70,100
8677,天津市南开区云阳东里,"(117.14928868615749, 39.12988226666754)",117.14928868615749,39.12988226666754,1,70,100
8678,天津市南开区云阳北里,"(117.14028937172797, 39.14908587119921)",117.14028937172797,39.14908587119921,1,70,100
8679,天津市红桥区云阳楼,"(117.1680019170497, 39.184089608995265)",117.1680019170497,39.184089608995265,1,70,100
8680,天津市南开区云阳西里,"(117.14314041375555, 39.131405402393064)",117.14314041375555,39.131405402393064,0,50,100
8681,天津市南开区云阳里,"(117.13994100885121, 39.14797310359012)",117.13994100885121,39.14797310359012,1,70,100
8682,天津市南开区云龙南里,"(117.14570309971441, 39.1252936974213)",117.14570309971441,39.1252936974213,1,70,100
8683,天津市南开区云龙里,"(117.14730567674421, 39.126899220144594)",117.14730567674421,39.126899220144594,1,70,100
8684,天津市河东区互助南里,"(117.2673410318706, 39.110572108751924)",117.2673410318706,39.110572108751924,1,70,100
8685,天津市河东区互助西里,"(117.26622192286628, 39.113076171966796)",117.26622192286628,39.113076171966796,1,70,100
8686,天津市和平区互助里,"(117.20624413006772, 39.11119213152995)",117.20624413006772,39.11119213152995,1,70,100
8687,天津市河西区五一家园,"(117.23590150681854, 39.08446996493174)",117.23590150681854,39.08446996493174,1,70,100
8688,天津市河西区五一阳光尊园,"(117.20207150097387, 39.0765627295049)",117.20207150097387,39.0765627295049,1,70,100
8689,天津市武清区五一阳光御园,"(117.08214906285006, 39.36984854676513)",117.08214906285006,39.36984854676513,1,70,100
8690,天津市河西区五一阳光皓日园,"(117.20405612733707, 39.080490657158144)",117.20405612733707,39.080490657158144,1,70,100
8691,天津市武清区五一阳光锦园,"(117.08044704340033, 39.37246447938093)",117.08044704340033,39.37246447938093,1,70,100
8692,天津市南开区五云里,"(117.17511074753345, 39.12558674568112)",117.17511074753345,39.12558674568112,1,70,100
8693,天津市蓟州区五十八间,"(117.4471918559899, 40.05236338787337)",117.4471918559899,40.05236338787337,1,70,100
8694,天津市蓟州区五十八间新区,"(117.4471918559899, 40.05236338787337)",117.4471918559899,40.05236338787337,1,70,57
8695,天津市红桥区五峰南里,"(117.17317660593991, 39.17614602530776)",117.17317660593991,39.17614602530776,1,70,100
8696,天津市红桥区五峰里,"(117.17208759017018, 39.17721876819559)",117.17208759017018,39.17721876819559,1,70,100
8697,天津市滨海新区五方里,"(117.45950295334305, 38.8426554879409)",117.45950295334305,38.8426554879409,1,70,100
8698,天津市和平区五湖里,"(117.2158533939385, 39.124421612675604)",117.2158533939385,39.124421612675604,1,70,100
8699,天津市和平区五爱里,"(117.19190322158421, 39.12496880986464)",117.19190322158421,39.12496880986464,0,50,100
8700,天津市河西区五环花园,"(117.19452133299306, 39.07459927821253)",117.19452133299306,39.07459927821253,1,70,100
8701,天津市西青区五矿榕园,"(117.15125004640797, 39.05404506613076)",117.15125004640797,39.05404506613076,1,70,100
8702,天津市北辰区五矿正信林溪地,"(117.01562199406992, 39.17549007916306)",117.01562199406992,39.17549007916306,1,70,100
8703,天津市河北区五马路162号,"(117.20871765407152, 39.17331645168273)",117.20871765407152,39.17331645168273,0,80,99
8704,天津市河东区井冈山路,"(117.23620648153918, 39.15191233869295)",117.23620648153918,39.15191233869295,0,30,100
8705,天津市北辰区井田公寓,"(117.1310870402532, 39.19758208995417)",117.1310870402532,39.19758208995417,1,70,100
8706,天津市河西区亚中花园,"(117.21268596871032, 39.10615837309806)",117.21268596871032,39.10615837309806,1,70,100
8707,天津市塘沽区亚泰津澜,"(117.66884478803271, 38.99649360727419)",117.66884478803271,38.99649360727419,1,70,100
8708,天津市武清区亚泰澜公馆,"(117.03677448374393, 39.36906082608202)",117.03677448374393,39.36906082608202,1,70,100
8709,天津市红桥区亚运里,"(117.17785803527461, 39.18514013702743)",117.17785803527461,39.18514013702743,1,70,100
8710,天津市武清区交通局公寓,"(117.07202012924178, 39.39185773174001)",117.07202012924178,39.39185773174001,1,70,100
8711,天津市武清区亨通花园东区北里,"(117.02738683184245, 39.38979880239824)",117.02738683184245,39.38979880239824,1,70,100
8712,天津市武清区亨通花园东区南里,"(117.02564753271403, 39.387138003657704)",117.02564753271403,39.387138003657704,1,70,100
8713,天津市武清区亨通花园西区,"(117.02113669159567, 39.389222804260946)",117.02113669159567,39.389222804260946,1,70,100
8714,天津市津南区京基·领域,"(117.30313581152669, 38.984158587438195)",117.30313581152669,38.984158587438195,1,70,100
8715,天津市津南区京基嶺域,"(117.30313581152669, 38.984158587438195)",117.30313581152669,38.984158587438195,1,70,100
8716,天津市津南区京基嶺墅,"(117.30339838622726, 38.98475469926259)",117.30339838622726,38.98475469926259,1,70,100
8717,天津市塘沽区京山道,"(117.6583332661077, 39.0322166269265)",117.6583332661077,39.0322166269265,0,30,100
8718,天津市宝坻区京津新城别墅,"(117.3960736012835, 39.53134464331384)",117.3960736012835,39.53134464331384,1,70,100
8719,天津市宝坻区京津新城别墅上京和园,"(117.37885479143769, 39.54893700014377)",117.37885479143769,39.54893700014377,1,70,100
8720,天津市宝坻区京津新城别墅上京顺园,"(117.38579168624685, 39.53301383676524)",117.38579168624685,39.53301383676524,1,70,100
8721,天津市武清区京津时尚广场,"(117.07668691619666, 39.38368578378634)",117.07668691619666,39.38368578378634,1,75,100
8722,天津市和平区京海公寓,"(117.19734237161659, 39.115230368604955)",117.19734237161659,39.115230368604955,1,70,100
8723,天津市滨海新区京港国际城,"(117.82511859590657, 39.27114828093346)",117.82511859590657,39.27114828093346,1,70,100
8724,天津市南开区京燕大厦,"(117.18518739976108, 39.105484410853656)",117.18518739976108,39.105484410853656,1,75,100
8725,天津市滨海新区京能海语城,"(117.82657771354643, 38.9976664787982)",117.82657771354643,38.9976664787982,1,70,100
8726,天津市武清区京能雍清丽苑,"(117.00479723301359, 39.41161669942849)",117.00479723301359,39.41161669942849,1,70,100
8727,天津市塘沽区京达明居,"(117.64460374435431, 39.034770577729006)",117.64460374435431,39.034770577729006,1,70,100
8728,天津市西青区亲亲家园金泽园,"(117.2268870110259, 39.01207211072118)",117.2268870110259,39.01207211072118,1,70,100
8729,天津市西青区亲和康园,"(117.27612439365551, 39.00665623053771)",117.27612439365551,39.00665623053771,1,70,100
8730,天津市西青区亲和美园,"(117.27249074786765, 39.01280689607154)",117.27249074786765,39.01280689607154,1,70,100
8731,天津市西青区亲和良园,"(117.27140604396435, 39.01426508998889)",117.27140604396435,39.01426508998889,1,70,100
8732,天津市西青区人和院,"(117.1586399566858, 39.05763813048515)",117.1586399566858,39.05763813048515,1,70,100
8733,天津市河西区人委北里,"(117.19682198323466, 39.07753421139074)",117.19682198323466,39.07753421139074,1,70,100
8734,天津市北辰区人民家园,"(117.13337089218177, 39.194957467195984)",117.13337089218177,39.194957467195984,1,70,100
8735,天津市武清区人民警察公寓,"(117.06988395873904, 39.39208413564355)",117.06988395873904,39.39208413564355,1,70,100
8736,天津市武清区亿儒园,"(117.08131902855887, 39.31541507229949)",117.08131902855887,39.31541507229949,1,70,100
8737,天津市滨海新区亿利国际生态岛,"(117.75006588919233, 39.14449261743537)",117.75006588919233,39.14449261743537,1,70,100
8738,天津市武清区亿博香墅里,"(116.96002541690464, 39.40432585174446)",116.96002541690464,39.40432585174446,1,70,100
8739,天津市武清区亿嘉园,"(117.07776245738376, 39.31491828765281)",117.07776245738376,39.31491828765281,1,70,100
8740,天津市红桥区亿城堂庭,"(117.15951526557473, 39.17905089545903)",117.15951526557473,39.17905089545903,1,70,100
8741,天津市武清区亿雅园,"(117.08036125522412, 39.31326301099595)",117.08036125522412,39.31326301099595,1,70,100
8742,天津市武清区亿韵园,"(117.07881922398569, 39.31671413443251)",117.07881922398569,39.31671413443251,1,70,100
8743,天津市武清区亿馨园,"(117.07861926117917, 39.318758279762946)",117.07861926117917,39.318758279762946,1,70,100
8744,天津市北辰区仁和园(北辰区),"(117.12242135649011, 39.2395761627345)",117.12242135649011,39.2395761627345,1,70,100
8745,天津市津南区仁和园(津南区),"(117.29508591619069, 39.03172559853304)",117.29508591619069,39.03172559853304,1,70,100
8746,天津市红桥区仁和里,"(117.18029980931183, 39.16917782926226)",117.18029980931183,39.16917782926226,1,70,100
8747,天津市南开区仁善里,"(117.18387811948028, 39.138402905782165)",117.18387811948028,39.138402905782165,1,70,100
8748,天津市津南区仁嘉花园,"(117.33101103997626, 39.03920605154328)",117.33101103997626,39.03920605154328,1,70,100
8749,天津市南开区仁恒公园世纪(南开),"(0, 0)",0.0,0.0,0,0,0
8750,天津市河西区仁恒公园世纪(河西),"(117.25499400229705, 39.05487607233042)",117.25499400229705,39.05487607233042,1,70,100
8751,天津市河北区仁恒河滨花园,"(117.19258701173842, 39.1653079635347)",117.19258701173842,39.1653079635347,1,70,100
8752,天津市海河教育园区仁恒海和院,"(117.37094143853919, 38.99955792154584)",117.37094143853919,38.99955792154584,0,50,100
8753,天津市海河教育园区仁恒海和院文熙花园,"(117.37239992736521, 38.99934867505048)",117.37239992736521,38.99934867505048,1,70,100
8754,天津市南开区仁恒海河广场,"(117.19908104193115, 39.14449912317882)",117.19908104193115,39.14449912317882,1,70,100
8755,天津市海河教育园区仁恒滨河湾,"(117.39953701817723, 39.01378031360988)",117.39953701817723,39.01378031360988,1,70,100
8756,天津市津南区仁永名居,"(117.32347156183103, 39.05045931262862)",117.32347156183103,39.05045931262862,1,70,100
8757,天津市静海区仁爱团泊湖逸湖岸,"(117.15925116375479, 38.89845042877831)",117.15925116375479,38.89845042877831,1,70,100
8758,天津市静海区仁爱团泊湖逸湖岸南园,"(117.15925116375479, 38.89845042877831)",117.15925116375479,38.89845042877831,1,70,100
8759,天津市静海区仁爱团泊湖鸿雁岛,"(117.13974185451964, 38.89848215921932)",117.13974185451964,38.89848215921932,1,70,100
8760,天津市南开区仁爱濠景庄园利景园,"(117.18318247169336, 39.07377557859032)",117.18318247169336,39.07377557859032,1,70,100
8761,天津市南开区仁爱濠景庄园天景园,"(117.18296436311553, 39.07043642525072)",117.18296436311553,39.07043642525072,1,70,100
8762,天津市南开区仁爱濠景庄园帝景园,"(117.18208069998538, 39.072148808134074)",117.18208069998538,39.072148808134074,1,70,100
8763,天津市南开区仁爱濠景庄园康景园,"(117.17940698346547, 39.073987544045714)",117.17940698346547,39.073987544045714,1,70,100
8764,天津市南开区仁爱濠景庄园时景园,"(117.18305356485267, 39.072431435166926)",117.18305356485267,39.072431435166926,1,70,100
8765,天津市南开区仁爱濠景庄园河景园,"(117.18353002609517, 39.07472924302457)",117.18353002609517,39.07472924302457,1,70,100
8766,天津市南开区仁爱濠景庄园禄景园,"(117.18062921794235, 39.07223108941228)",117.18062921794235,39.07223108941228,1,70,100
8767,天津市红桥区仁爱花园,"(117.15278947256041, 39.16236881171359)",117.15278947256041,39.16236881171359,1,70,100
8768,天津市西青区仁盛里,"(117.02830705600688, 39.08108440995138)",117.02830705600688,39.08108440995138,1,70,100
8769,天津市北辰区仕名公寓,"(117.12526404427642, 39.24063214144387)",117.12526404427642,39.24063214144387,1,70,100
8770,天津市塘沽区仕嘉花园,"(117.64935003134683, 39.043292088811974)",117.64935003134683,39.043292088811974,1,70,100
8771,天津市津南区仕林苑,"(117.29141561953801, 39.06386115245904)",117.29141561953801,39.06386115245904,1,70,100
8772,天津市北辰区仙居里,"(117.21458777130549, 39.20331604384298)",117.21458777130549,39.20331604384298,1,70,100
8773,天津市和平区仰止坊,"(117.19413299552109, 39.13198409990136)",117.19413299552109,39.13198409990136,1,70,100
8774,天津市河北区任贤东里,"(117.21327399949715, 39.18597252208387)",117.21327399949715,39.18597252208387,1,70,100
8775,天津市河北区任贤北里,"(117.21170448011011, 39.1877044468089)",117.21170448011011,39.1877044468089,1,70,100
8776,天津市河北区任贤里,"(117.2110964171104, 39.185265212150874)",117.2110964171104,39.185265212150874,1,70,100
8777,天津市西青区企鹅先生的别墅,"(117.05404341903719, 39.05090397816704)",117.05404341903719,39.05090397816704,1,70,100
8778,天津市南开区伊顿玫瑰公寓,"(117.18042081106404, 39.13571511791506)",117.18042081106404,39.13571511791506,1,70,100
8779,天津市塘沽区众兴里,"(117.643622076093, 39.038909768848086)",117.643622076093,39.038909768848086,1,70,100
8780,天津市津南区众合里,"(117.39571850111541, 38.98953939657736)",117.39571850111541,38.98953939657736,1,70,100
8781,天津市津南区众惠里,"(117.39309428122911, 38.989862669491885)",117.39309428122911,38.989862669491885,1,70,100
8782,天津市塘沽区众智园,"(117.6502351317658, 39.040406022181635)",117.6502351317658,39.040406022181635,1,70,100
8783,天津市南开区众望大厦,"(117.17210304102494, 39.131571084868085)",117.17210304102494,39.131571084868085,1,75,100
8784,天津市宝坻区众河龙亭苑,"(117.50679900793503, 39.646353081973196)",117.50679900793503,39.646353081973196,1,70,100
8785,天津市津南区众祥园,"(117.39512939236197, 38.99091317349478)",117.39512939236197,38.99091317349478,1,70,100
8786,天津市滨海新区众美青城,"(117.76980821887678, 39.12739566871137)",117.76980821887678,39.12739566871137,1,70,100
8787,天津市滨海新区众美青城二期,"(117.76980821887678, 39.12739566871137)",117.76980821887678,39.12739566871137,1,70,57
8788,天津市和平区众诚里,"(117.194047387006, 39.12501632205265)",117.194047387006,39.12501632205265,0,30,100
8789,天津市滨海新区优仕名邸,"(117.83219697383356, 39.25197088688112)",117.83219697383356,39.25197088688112,1,70,100
8790,天津市南开区会泽园,"(117.14783028716204, 39.12559962074363)",117.14783028716204,39.12559962074363,1,70,100
8791,天津市河东区伯苓大厦,"(117.24534629095044, 39.11724838492121)",117.24534629095044,39.11724838492121,1,75,100
8792,天津市河北区伴云里,"(117.20502369220185, 39.14442951868785)",117.20502369220185,39.14442951868785,1,70,100
8793,天津市塘沽区伴山人家,"(117.66061954346115, 39.058324810797856)",117.66061954346115,39.058324810797856,1,80,100
8794,天津市开发区伴景湾家园,"(117.7232136510575, 39.03881385677795)",117.7232136510575,39.03881385677795,1,70,100
8795,天津市武清区住总尚清湾,"(117.06662796058758, 39.4168981273503)",117.06662796058758,39.4168981273503,1,70,100
8796,天津市和平区体工里,"(117.20116322427272, 39.115472931144595)",117.20116322427272,39.115472931144595,1,70,100
8797,天津市河西区体院北道三号院,"(117.19686869512117, 39.08353470721551)",117.19686869512117,39.08353470721551,0,30,57
8798,天津市河西区体院宿舍,"(117.19530501471996, 39.08236012119993)",117.19530501471996,39.08236012119993,0,50,100
8799,天津市和平区何兴里,"(117.19330646462136, 39.112840249773654)",117.19330646462136,39.112840249773654,1,70,100
8800,天津市河西区佛山里,"(117.19510999259374, 39.10545179396791)",117.19510999259374,39.10545179396791,1,70,100
8801,天津市河西区佟卫里,"(117.2069282795441, 39.10789339877589)",117.2069282795441,39.10789339877589,1,70,100
8802,天津市北辰区佳丽园,"(117.14673965444237, 39.20284480839759)",117.14673965444237,39.20284480839759,1,70,100
8803,天津市西青区佳和雅庭,"(117.2681833729473, 39.00187999002078)",117.2681833729473,39.00187999002078,1,70,100
8804,天津市红桥区佳园东里,"(0, 0)",0.0,0.0,0,0,0
8805,天津市北辰区佳园东里（东区）,"(117.1431908985252, 39.200688002351804)",117.1431908985252,39.200688002351804,1,70,100
8806,天津市红桥区佳园东里（西区）,"(0, 0)",0.0,0.0,0,0,0
8807,天津市红桥区佳园北里,"(0, 0)",0.0,0.0,0,0,0
8808,天津市红桥区佳园南里,"(0, 0)",0.0,0.0,0,0,0
8809,天津市北辰区佳园新里,"(117.12835682031672, 39.19970145644162)",117.12835682031672,39.19970145644162,1,70,100
8810,天津市蓟州区佳城公寓,"(117.43146252651019, 40.047840829348246)",117.43146252651019,40.047840829348246,1,70,100
8811,天津市北辰区佳宁里,"(117.13189398809281, 39.20369312775743)",117.13189398809281,39.20369312775743,1,70,100
8812,天津市北辰区佳安里,"(117.13071127905837, 39.201221181474764)",117.13071127905837,39.201221181474764,0,50,100
8813,天津市武清区佳居花园,"(116.91448501060135, 39.3675400960969)",116.91448501060135,39.3675400960969,1,75,100
8814,天津市北辰区佳平里,"(117.13354345667024, 39.19637244242546)",117.13354345667024,39.19637244242546,1,70,100
8815,天津市北辰区佳庆里,"(117.13986267661073, 39.19781115519743)",117.13986267661073,39.19781115519743,1,70,100
8816,天津市和平区佳怡公寓,"(117.18747268897846, 39.11600347253033)",117.18747268897846,39.11600347253033,1,70,100
8817,天津市红桥区佳春里,"(0, 0)",0.0,0.0,0,0,0
8818,天津市北辰区佳欣里,"(117.13239506290628, 39.198101382645234)",117.13239506290628,39.198101382645234,0,50,100
8819,天津市开发区佳缘公寓,"(117.71236445609132, 39.03502918361887)",117.71236445609132,39.03502918361887,1,70,100
8820,天津市西青区佳苑里,"(117.01300235554173, 39.14939162036964)",117.01300235554173,39.14939162036964,1,70,100
8821,天津市北辰区佳荣里,"(0, 0)",0.0,0.0,0,0,0
8822,天津市南开区佳闻公寓,"(117.16046567280428, 39.098086007549824)",117.16046567280428,39.098086007549824,1,70,100
8823,天津市南开区佳音里,"(117.18056651621775, 39.12305716971517)",117.18056651621775,39.12305716971517,0,50,100
8824,天津市蓟州区供电局家属院,"(117.42239997137277, 40.05048109638186)",117.42239997137277,40.05048109638186,1,70,100
8825,天津市西青区依丽园,"(117.09209599976207, 39.12430909384773)",117.09209599976207,39.12430909384773,1,70,100
8826,天津市和平区依仁新里,"(117.19421680742518, 39.133439463413055)",117.19421680742518,39.133439463413055,1,70,100
8827,天津市滨海新区依水和墅,"(117.76363003290135, 39.14066013950735)",117.76363003290135,39.14066013950735,1,70,100
8828,天津市西青区依润园,"(117.09003510726107, 39.12521616677829)",117.09003510726107,39.12521616677829,1,70,100
8829,天津市河西区侨馨园,"(117.23979063069343, 39.1025861381821)",117.23979063069343,39.1025861381821,1,70,100
8830,天津市西青区侯台花园,"(117.12350848581828, 39.1070759704038)",117.12350848581828,39.1070759704038,1,70,100
8831,天津市西青区俊城橡树原,"(0, 0)",0.0,0.0,0,0,0
8832,天津市南开区俊城浅水湾,"(117.16590203808957, 39.07273990068312)",117.16590203808957,39.07273990068312,0,50,100
8833,天津市东丽区俊景苑,"(117.32298207515863, 39.09178166979092)",117.32298207515863,39.09178166979092,1,70,100
8834,天津市武清区俊澜园,"(117.08179791522622, 39.31812789057733)",117.08179791522622,39.31812789057733,1,70,100
8835,天津市滨海新区保利·东郡,"(117.84756150144565, 39.23571663241951)",117.84756150144565,39.23571663241951,1,70,100
8836,天津市武清区保利上河雅苑北区,"(117.04355237847781, 39.387713740303596)",117.04355237847781,39.387713740303596,1,70,100
8837,天津市武清区保利上河雅苑南区,"(117.04128298926794, 39.38337290674217)",117.04128298926794,39.38337290674217,0,50,100
8838,天津市蓟州区保利和园,"(117.39619325557743, 40.04177568840513)",117.39619325557743,40.04177568840513,1,70,100
8839,天津市和平区保利大都会天汇尚苑,"(117.19259410835194, 39.13724813094691)",117.19259410835194,39.13724813094691,1,70,100
8840,天津市和平区保利大都会天汇茗苑,"(117.19333988158633, 39.13848021190946)",117.19333988158633,39.13848021190946,1,70,100
8841,天津市和平区保利大都会天汇雅苑,"(117.19600955573144, 39.13887422696796)",117.19600955573144,39.13887422696796,1,70,100
8842,天津市西青区保利尚林苑,"(0, 0)",0.0,0.0,0,0,0
8843,天津市武清区保利梧桐语,"(117.12937253435686, 39.32411328656762)",117.12937253435686,39.32411328656762,1,70,100
8844,天津市滨海新区保利海上五月花,"(117.50395398455439, 38.85847908746484)",117.50395398455439,38.85847908746484,1,70,100
8845,天津市武清区保利海棠湾,"(117.0422902592363, 39.395713885774974)",117.0422902592363,39.395713885774974,1,70,100
8846,天津市武清区保利溪湖林语,"(117.13001967364625, 39.329920118296265)",117.13001967364625,39.329920118296265,1,70,100
8847,天津市西青区保利罗兰公馆,"(117.04461480440446, 39.07688294049915)",117.04461480440446,39.07688294049915,1,70,100
8848,天津市西青区保利金融街诺丁山,"(117.04169288607216, 39.05527111902177)",117.04169288607216,39.05527111902177,1,70,100
8849,天津市和平区保利金香槟,"(117.19639376099805, 39.14068112692628)",117.19639376099805,39.14068112692628,1,70,100
8850,天津市武清区保利香颂湖,"(117.08339366513415, 39.3377478653754)",117.08339366513415,39.3377478653754,1,70,100
8851,天津市和平区保善里,"(117.21076898475202, 39.12787630033348)",117.21076898475202,39.12787630033348,1,70,100
8852,天津市塘沽区保定里,"(117.65699380276179, 39.0464136932435)",117.65699380276179,39.0464136932435,1,70,100
8853,天津市红桥区保寿里,"(117.17115874227285, 39.18656817537208)",117.17115874227285,39.18656817537208,1,70,100
8854,天津市南开区保山北里,"(117.15173935341925, 39.113094088303725)",117.15173935341925,39.113094088303725,1,70,100
8855,天津市南开区保山南里,"(117.15330357280378, 39.111871847664816)",117.15330357280378,39.111871847664816,1,70,100
8856,天津市南开区保康里,"(117.17607453951511, 39.12327584345286)",117.17607453951511,39.12327584345286,1,70,100
8857,天津市和平区保疆里,"(117.19204614199086, 39.12896475885005)",117.19204614199086,39.12896475885005,1,70,100
8858,天津市南开区保盈里,"(117.1411111416085, 39.111622553861444)",117.1411111416085,39.111622553861444,1,70,100
8859,天津市河东区保靖里,"(117.23141572842391, 39.134454932496475)",117.23141572842391,39.134454932496475,1,70,100
8860,天津市和平区信义里,"(117.20666480653804, 39.128687887846446)",117.20666480653804,39.128687887846446,1,70,100
8861,天津市和平区信义里(小白楼),"(117.20666480653804, 39.128687887846446)",117.20666480653804,39.128687887846446,1,70,100
8862,天津市和平区信华南里,"(117.19083612446893, 39.12121426523115)",117.19083612446893,39.12121426523115,1,70,100
8863,天津市和平区信华楼,"(117.19230808787756, 39.12030532090815)",117.19230808787756,39.12030532090815,1,70,100
8864,天津市东丽区信号厂北,"(117.35135343774138, 39.107348587572645)",117.35135343774138,39.107348587572645,0,50,100
8865,天津市和平区信德楼,"(117.19851969081797, 39.12850708496122)",117.19851969081797,39.12850708496122,1,70,100
8866,天津市河西区信德里,"(117.2132656452559, 39.112605656521495)",117.2132656452559,39.112605656521495,0,50,100
8867,天津市津南区信恒锦园,"(117.30434214599605, 39.0551424489168)",117.30434214599605,39.0551424489168,1,70,100
8868,天津市河西区信昌大楼,"(117.22825180658721, 39.10876121042314)",117.22825180658721,39.10876121042314,1,70,100
8869,天津市和平区信福里,"(117.20351148470635, 39.118943806700926)",117.20351148470635,39.118943806700926,1,70,100
8870,天津市武清区信置荔城首府,"(117.01334083705788, 39.38824004821922)",117.01334083705788,39.38824004821922,0,50,100
8871,天津市南开区信诚大厦,"(117.17080786414066, 39.119806092781644)",117.17080786414066,39.119806092781644,1,75,100
8872,天津市北辰区信雅苑,"(117.21244171944217, 39.31921993816835)",117.21244171944217,39.31921993816835,1,70,100
8873,天津市河西区修业里,"(117.21270788736476, 39.11315133656827)",117.21270788736476,39.11315133656827,1,70,100
8874,天津市河北区修配大楼,"(117.19323648662213, 39.17813046781163)",117.19323648662213,39.17813046781163,1,70,100
8875,天津市蓟州区倚林山庄,"(117.4323543642205, 40.06951374740439)",117.4323543642205,40.06951374740439,1,70,100
8876,天津市河东区倚虹东里,"(117.28834054011625, 39.14652958505858)",117.28834054011625,39.14652958505858,1,70,100
8877,天津市河东区倚虹中里,"(117.2863330967931, 39.14678763822172)",117.2863330967931,39.14678763822172,1,70,100
8878,天津市河东区倚虹西里,"(117.2844194365652, 39.146057965780315)",117.2844194365652,39.146057965780315,1,70,100
8879,天津市西青区假日风景花园,"(117.08661624632065, 39.12842528969415)",117.08661624632065,39.12842528969415,1,70,100
8880,天津市河西区健全里,"(117.21302876209293, 39.1022171872276)",117.21302876209293,39.1022171872276,1,70,100
8881,天津市河西区健强新里,"(117.21117124595939, 39.10284239380833)",117.21117124595939,39.10284239380833,1,70,100
8882,天津市河西区健强里,"(117.21117124595939, 39.10284239380833)",117.21117124595939,39.10284239380833,1,70,100
8883,天津市河西区健春里,"(117.21607653302718, 39.102496962963784)",117.21607653302718,39.102496962963784,1,70,100
8884,天津市河西区健生里,"(117.21590405836926, 39.103577557359756)",117.21590405836926,39.103577557359756,1,70,100
8885,天津市河西区健美里,"(117.21484396803694, 39.10167975148704)",117.21484396803694,39.10167975148704,1,70,100
8886,天津市和平区储汇邨,"(0, 0)",0.0,0.0,0,0,0
8887,天津市开发区傲景园,"(117.71177292191298, 39.04387480820358)",117.71177292191298,39.04387480820358,1,70,100
8888,天津市开发区傲景苑,"(117.71177292191298, 39.04387480820358)",117.71177292191298,39.04387480820358,1,70,100
8889,天津市南开区儒园公寓,"(117.19462347032953, 39.147602573501814)",117.19462347032953,39.147602573501814,1,70,100
8890,天津市津南区儒林园,"(0, 0)",0.0,0.0,0,0,0
8891,天津市宝坻区儒林轩,"(117.28938841349365, 39.6673967849277)",117.28938841349365,39.6673967849277,1,70,100
8892,天津市河西区元五大楼,"(117.27189714758666, 39.08206360092894)",117.27189714758666,39.08206360092894,1,75,100
8893,天津市河西区元兴新里,"(117.21486328160539, 39.10901821330509)",117.21486328160539,39.10901821330509,1,70,100
8894,天津市河北区元吉里,"(117.20287925728844, 39.16102511225718)",117.20287925728844,39.16102511225718,1,70,100
8895,天津市河西区元山里,"(117.27212262226966, 39.066706754764105)",117.27212262226966,39.066706754764105,0,50,100
8896,天津市河北区元康里,"(117.20179769745442, 39.15997953630381)",117.20179769745442,39.15997953630381,1,70,100
8897,天津市河北区元纬路,"(117.19750999542475, 39.16306740211828)",117.19750999542475,39.16306740211828,0,30,100
8898,天津市河北区元贺里,"(117.19590319635905, 39.165054524526454)",117.19590319635905,39.165054524526454,1,70,100
8899,天津市南开区元都园,"(117.1626640060483, 39.08851562621856)",117.1626640060483,39.08851562621856,1,70,100
8900,天津市和平区兆丰路,"(117.20052749346331, 39.12643733438487)",117.20052749346331,39.12643733438487,0,30,100
8901,天津市和平区兆丰里,"(117.20046056970283, 39.12684429221467)",117.20046056970283,39.12684429221467,1,70,100
8902,天津市西青区兆发家园,"(117.11700376578997, 39.155232494401595)",117.11700376578997,39.155232494401595,1,70,100
8903,天津市津南区兆恒广场院外SOHO,"(117.34999879303233, 39.032087774346195)",117.34999879303233,39.032087774346195,0,50,24
8904,天津市红桥区先春园世春里,"(117.16990830100296, 39.15706974534869)",117.16990830100296,39.15706974534869,1,70,100
8905,天津市红桥区先春园泉春里,"(117.17458865237106, 39.154057434175904)",117.17458865237106,39.154057434175904,1,70,100
8906,天津市红桥区先春园纪春里,"(117.17370256381601, 39.15715318566465)",117.17370256381601,39.15715318566465,1,70,100
8907,天津市红桥区先春园隆春里,"(117.17071803358965, 39.154076599007325)",117.17071803358965,39.154076599007325,1,70,100
8908,天津市河西区先登里,"(117.27308398882643, 39.07558178099926)",117.27308398882643,39.07558178099926,1,70,100
8909,天津市河西区先进里,"(117.20054545957352, 39.105344634092376)",117.20054545957352,39.105344634092376,0,50,100
8910,天津市东丽区先锋里,"(117.32562587810504, 39.08943086468702)",117.32562587810504,39.08943086468702,1,70,100
8911,天津市河东区光华公寓,"(117.25837648186432, 39.10017857736606)",117.25837648186432,39.10017857736606,1,75,100
8912,天津市和平区光华巷,"(0, 0)",0.0,0.0,0,0,0
8913,天津市河西区光华里,"(117.22638818197622, 39.09143625431907)",117.22638818197622,39.09143625431907,1,70,100
8914,天津市河北区光复公寓,"(117.20640196234581, 39.14077703935047)",117.20640196234581,39.14077703935047,1,70,100
8915,天津市河北区光复道,"(117.20556483144107, 39.14115844908754)",117.20556483144107,39.14115844908754,0,30,100
8916,天津市和平区光学新里,"(117.21397279135337, 39.13022616281709)",117.21397279135337,39.13022616281709,1,70,100
8917,天津市津南区光明东里,"(117.38889110974792, 38.99556481596011)",117.38889110974792,38.99556481596011,1,70,100
8918,天津市津南区光明北里,"(117.3875881176057, 38.99555934790934)",117.3875881176057,38.99555934790934,1,70,100
8919,天津市津南区光明南里,"(117.38690253084049, 38.99302591210827)",117.38690253084049,38.99302591210827,1,70,100
8920,天津市河东区光明楼(河东区),"(0, 0)",0.0,0.0,0,0,0
8921,天津市塘沽区光明里(塘沽区),"(117.41616194926733, 38.863044086290046)",117.41616194926733,38.863044086290046,0,30,100
8922,天津市河西区光明里(河西区),"(117.24082502948816, 39.074616364117546)",117.24082502948816,39.074616364117546,1,75,35
8923,天津市蓟州区光明里(蓟州区),"(117.41616194926733, 38.863044086290046)",117.41616194926733,38.863044086290046,0,30,100
8924,天津市和平区光洁里,"(117.20401273918094, 39.11531406887244)",117.20401273918094,39.11531406887244,1,70,100
8925,天津市南开区光湖里,"(117.16855491392162, 39.11749492939003)",117.16855491392162,39.11749492939003,1,70,100
8926,天津市静海区光耀雅苑,"(117.16910674299642, 38.90102841030951)",117.16910674299642,38.90102841030951,1,70,100
8927,天津市红桥区光荣楼,"(117.17706959252851, 39.182153858129205)",117.17706959252851,39.182153858129205,1,70,100
8928,天津市蓟州区光荣院家属院,"(117.45072498139119, 40.05299464969265)",117.45072498139119,40.05299464969265,1,70,100
8929,天津市南开区光虹楼,"(117.14190021316847, 39.14742077030963)",117.14190021316847,39.14742077030963,1,70,100
8930,天津市西青区光裕里,"(0, 0)",0.0,0.0,0,0,0
8931,天津市河西区光辉里,"(117.2332520445474, 39.08788609090374)",117.2332520445474,39.08788609090374,1,70,100
8932,天津市和平区全业里,"(117.19918138265662, 39.13045446974286)",117.19918138265662,39.13045446974286,1,70,100
8933,天津市和平区全胜里,"(117.20647804882252, 39.111851901393784)",117.20647804882252,39.111851901393784,1,70,100
8934,天津市河西区全运村云实园,"(117.26301596033171, 39.049631126046634)",117.26301596033171,39.049631126046634,1,70,100
8935,天津市河西区全运村月橘园,"(117.2668051926339, 39.04602889435962)",117.2668051926339,39.04602889435962,1,70,100
8936,天津市河西区全运村木樨园,"(117.26970097027586, 39.0467381051518)",117.26970097027586,39.0467381051518,1,70,100
8937,天津市河西区全运村棣棠园,"(117.26848744936242, 39.05034548396127)",117.26848744936242,39.05034548396127,1,70,100
8938,天津市河西区全运村流苏园,"(117.26571581754196, 39.04998634454738)",117.26571581754196,39.04998634454738,1,70,100
8939,天津市河西区全运村锦葵园,"(117.26291319418137, 39.0482020381112)",117.26291319418137,39.0482020381112,1,70,100
8940,天津市河西区全运村雀榕园,"(117.26927292770036, 39.04829765712971)",117.26927292770036,39.04829765712971,1,70,100
8941,天津市津南区全运村麦李园,"(0, 0)",0.0,0.0,0,0,0
8942,天津市河西区八一里,"(117.27367453486869, 39.08095193629781)",117.27367453486869,39.08095193629781,1,70,100
8943,天津市河西区八七楼,"(0, 0)",0.0,0.0,0,0,0
8944,天津市滨海新区八仙里,"(117.79979590256362, 39.25537176600002)",117.79979590256362,39.25537176600002,1,70,100
8945,天津市塘沽区八方观园,"(117.68285314381642, 38.98553169839762)",117.68285314381642,38.98553169839762,1,70,100
8946,天津市蓟州区八景园,"(117.40346647596952, 40.04250171122019)",117.40346647596952,40.04250171122019,1,70,100
8947,天津市河东区八纬路,"(117.23913271173794, 39.12308229098895)",117.23913271173794,39.12308229098895,0,30,100
8948,天津市河东区八纬路(重复楼盘),"(117.23913271173794, 39.12308229098895)",117.23913271173794,39.12308229098895,0,30,100
8949,天津市河东区八纬路99号,"(117.23004293794357, 39.132844405942706)",117.23004293794357,39.132844405942706,1,80,100
8950,天津市津南区八里坊东区,"(117.33637104929319, 38.95598180078294)",117.33637104929319,38.95598180078294,1,70,100
8951,天津市津南区八里坊北区,"(117.32988824791934, 38.95686433106764)",117.32988824791934,38.95686433106764,0,50,100
8952,天津市津南区八里坊南区,"(117.33095759079842, 38.95380615006517)",117.33095759079842,38.95380615006517,1,70,100
8953,天津市河西区公交大楼,"(117.26890201735529, 39.069514075461655)",117.26890201735529,39.069514075461655,1,75,100
8954,天津市红桥区公元大观,"(117.14246156428166, 39.18082697044073)",117.14246156428166,39.18082697044073,1,70,100
8955,天津市南开区公园北里,"(117.17566122914995, 39.14039961515532)",117.17566122914995,39.14039961515532,1,70,100
8956,天津市津南区公园里,"(117.33086326871988, 38.94647576605597)",117.33086326871988,38.94647576605597,1,70,100
8957,天津市和平区公馆1882,"(117.21368389630135, 39.13174005539964)",117.21368389630135,39.13174005539964,1,70,100
8958,天津市河东区公馆星期8,"(117.26028214717319, 39.13681555770389)",117.26028214717319,39.13681555770389,1,70,100
8959,天津市滨海新区六合里(大港区),"(117.45970453309948, 38.837660904855106)",117.45970453309948,38.837660904855106,1,70,57
8960,天津市和平区六合里大楼,"(117.20686396086961, 39.119624077266344)",117.20686396086961,39.119624077266344,1,70,100
8961,天津市静海区六和茗著,"(117.07855188826592, 38.976109811155354)",117.07855188826592,38.976109811155354,1,70,100
8962,天津市和平区六安里(和平),"(0, 0)",0.0,0.0,0,0,0
8963,天津市滨海新区六安里(滨海新区),"(117.79374401834288, 39.252450590493524)",117.79374401834288,39.252450590493524,1,70,100
8964,天津市红桥区六段,"(117.16410057621985, 39.182448625409435)",117.16410057621985,39.182448625409435,1,70,100
8965,天津市河东区六纬路,"(117.23569435756794, 39.122156086744624)",117.23569435756794,39.122156086744624,0,30,100
8966,天津市河东区六纬路(大王庄),"(117.22505312032729, 39.13336488035602)",117.22505312032729,39.13336488035602,1,80,100
8967,天津市河东区六纬路64,"(117.23214039147881, 39.124732577946574)",117.23214039147881,39.124732577946574,1,70,100
8968,天津市河东区六纬路7号院,"(117.22233835124558, 39.13591108407994)",117.22233835124558,39.13591108407994,1,80,100
8969,天津市河东区六维极景,"(117.27405397911612, 39.12408118668657)",117.27405397911612,39.12408118668657,1,70,100
8970,天津市东丽区兰亭里,"(0, 0)",0.0,0.0,0,0,0
8971,天津市和平区兰州道,"(117.19423073116057, 39.12358877312803)",117.19423073116057,39.12358877312803,0,30,100
8972,天津市河北区兰景园,"(117.203190250656, 39.18537273882443)",117.203190250656,39.18537273882443,1,70,100
8973,天津市河西区兰江新苑,"(117.26148749350648, 39.061316246198004)",117.26148749350648,39.061316246198004,1,70,100
8974,天津市静海区兰海小区,"(116.97939800404117, 38.937608949206464)",116.97939800404117,38.937608949206464,1,70,100
8975,天津市东丽区兰溪天苑,"(117.49790533423351, 39.1980903383666)",117.49790533423351,39.1980903383666,1,70,100
8976,天津市南开区兴业家园,"(117.16499286308292, 39.13064436344247)",117.16499286308292,39.13064436344247,1,70,100
8977,天津市和平区兴中里,"(117.20702269145322, 39.12030105222188)",117.20702269145322,39.12030105222188,0,50,100
8978,天津市和平区兴义里,"(117.20087648515394, 39.12677942822145)",117.20087648515394,39.12677942822145,1,70,100
8979,天津市南开区兴云里,"(117.16902077515911, 39.14620766432412)",117.16902077515911,39.14620766432412,1,70,100
8980,天津市河西区兴军公寓,"(117.2316804590577, 39.116083812703)",117.2316804590577,39.116083812703,1,70,100
8981,天津市蓟州区兴华大街19号,"(117.43098983815084, 40.04984152647402)",117.43098983815084,40.04984152647402,1,80,100
8982,天津市塘沽区兴华里(塘沽区),"(117.65264950748497, 39.04608535688049)",117.65264950748497,39.04608535688049,0,50,100
8983,天津市滨海新区兴华里(大港区),"(117.65264950748497, 39.04608535688049)",117.65264950748497,39.04608535688049,0,50,57
8984,天津市塘沽区兴园里,"(117.67741004123981, 39.03148253540291)",117.67741004123981,39.03148253540291,1,70,100
8985,天津市红桥区兴城里,"(117.15292673364235, 39.185254165838224)",117.15292673364235,39.185254165838224,1,70,100
8986,天津市西青区兴姜里,"(117.11180670909255, 39.139838547057906)",117.11180670909255,39.139838547057906,1,70,100
8987,天津市和平区兴安路199号,"(117.20808601568537, 39.13399582531814)",117.20808601568537,39.13399582531814,1,80,100
8988,天津市和平区兴安路215号,"(117.20939736206884, 39.133376914400635)",117.20939736206884,39.133376914400635,1,80,100
8989,天津市滨海新区兴安里,"(117.47659644957021, 38.843173551457284)",117.47659644957021,38.843173551457284,1,70,100
8990,天津市河北区兴宜里,"(117.21541609881625, 39.19494935837262)",117.21541609881625,39.19494935837262,1,70,100
8991,天津市和平区兴富里,"(117.20728436784827, 39.11811615041251)",117.20728436784827,39.11811615041251,1,70,100
8992,天津市和平区兴康里,"(117.19359742577603, 39.11644947129435)",117.19359742577603,39.11644947129435,1,70,100
8993,天津市和平区兴建里,"(117.19493302640828, 39.12880109932195)",117.19493302640828,39.12880109932195,1,70,100
8994,天津市滨海新区兴德里,"(117.47442326888047, 38.84102434286248)",117.47442326888047,38.84102434286248,1,70,100
8995,天津市滨海新区兴慧里,"(117.47677395473897, 38.838548572407596)",117.47677395473897,38.838548572407596,1,70,100
8996,天津市滨海新区兴旺里(大港区),"(117.47660139025052, 38.846447787894135)",117.47660139025052,38.846447787894135,1,70,57
8997,天津市西青区兴旺里(西青区),"(117.1076885173126, 39.03956930965294)",117.1076885173126,39.03956930965294,1,70,100
8998,天津市和平区兴河里,"(117.19028339708862, 39.10829850486804)",117.19028339708862,39.10829850486804,1,70,100
8999,天津市南开区兴泰公寓,"(117.17177435103883, 39.128515901211834)",117.17177435103883,39.128515901211834,1,70,100
9000,天津市南开区兴泰北里,"(117.17123905078545, 39.12739776785215)",117.17123905078545,39.12739776785215,1,70,100
9001,天津市南开区兴泰南里,"(117.17014392653823, 39.12508503623497)",117.17014392653823,39.12508503623497,1,70,100
9002,天津市南开区兴泰园,"(117.17032062323204, 39.12804625939219)",117.17032062323204,39.12804625939219,1,70,100
9003,天津市南开区兴泰西里,"(117.1696189567982, 39.1270943014116)",117.1696189567982,39.1270943014116,1,70,100
9004,天津市和平区兴润公寓,"(117.19358619695716, 39.1226437520237)",117.19358619695716,39.1226437520237,1,70,100
9005,天津市河北区兴源公寓,"(117.2224340207824, 39.169384120967536)",117.2224340207824,39.169384120967536,1,70,100
9006,天津市南开区兴盛里(南开区),"(117.17287962613833, 39.14559361844218)",117.17287962613833,39.14559361844218,1,70,100
9007,天津市滨海新区兴盛里(大港区),"(117.47706940742121, 38.84934231793376)",117.47706940742121,38.84934231793376,1,70,57
9008,天津市和平区兴远里,"(117.2012734463588, 39.12691286465552)",117.2012734463588,39.12691286465552,1,70,100
9009,天津市和平区兴隆南里,"(117.19780769387076, 39.12943481431091)",117.19780769387076,39.12943481431091,1,70,100
9010,天津市和平区兴隆里,"(117.19618795920572, 39.13188684603068)",117.19618795920572,39.13188684603068,1,70,100
9011,天津市塘沽区兵营宿舍,"(117.63448505142883, 39.04117911241907)",117.63448505142883,39.04117911241907,0,50,100
9012,天津市宝坻区典雅居,"(117.33681589018175, 39.724693294072644)",117.33681589018175,39.724693294072644,1,70,100
9013,天津市和平区养和里,"(117.22094597770511, 39.12233697604203)",117.22094597770511,39.12233697604203,0,50,100
9014,天津市河东区再兴里,"(117.23150735558592, 39.14001869098451)",117.23150735558592,39.14001869098451,1,70,100
9015,天津市东丽区军丽园,"(117.45123180535992, 39.060144088848354)",117.45123180535992,39.060144088848354,1,70,100
9016,天津市东丽区军华园,"(117.45737118453731, 39.062136170368085)",117.45737118453731,39.062136170368085,1,70,100
9017,天津市东丽区军宏园,"(117.4534760420155, 39.06236112781111)",117.4534760420155,39.06236112781111,1,70,100
9018,天津市河东区军旅公寓,"(117.25086018000124, 39.1057263772756)",117.25086018000124,39.1057263772756,1,70,100
9019,天津市河东区军星名苑,"(117.2682140051652, 39.10537613113358)",117.2682140051652,39.10537613113358,1,70,100
9020,天津市河北区军民里,"(117.19844800603826, 39.16365073268577)",117.19844800603826,39.16365073268577,1,70,100
9021,天津市东丽区军瑞园,"(117.44586595705717, 39.0618011141069)",117.44586595705717,39.0618011141069,1,70,100
9022,天津市东丽区军祥园,"(117.44739604083232, 39.065228011256686)",117.44739604083232,39.065228011256686,1,70,100
9023,天津市东丽区军秀园,"(117.45581028888317, 39.0588603383231)",117.45581028888317,39.0588603383231,1,70,100
9024,天津市武清区农机局宿舍楼,"(117.06993336554208, 39.37843765598499)",117.06993336554208,39.37843765598499,0,50,100
9025,天津市河东区冠云东里,"(117.28930190667303, 39.143892967167126)",117.28930190667303,39.143892967167126,1,70,100
9026,天津市河东区冠云中里,"(117.28748265835422, 39.14124302774372)",117.28748265835422,39.14124302774372,0,50,100
9027,天津市河东区冠云西里,"(117.28531989800841, 39.143220418147)",117.28531989800841,39.143220418147,1,70,100
9028,天津市河东区冠华公寓,"(117.23212449147128, 39.133796075672244)",117.23212449147128,39.133796075672244,1,70,100
9029,天津市南开区冬云家园,"(0, 0)",0.0,0.0,0,0,0
9030,天津市南开区冬云里,"(0, 0)",0.0,0.0,0,0,0
9031,天津市静海区冬平园,"(116.98558544256335, 38.94448692263208)",116.98558544256335,38.94448692263208,1,70,100
9032,天津市东丽区冬梅轩,"(117.44756698837087, 39.069963802159734)",117.44756698837087,39.069963802159734,0,50,100
9033,天津市南开区冶金东里,"(117.1386038810996, 39.150875509584814)",117.1386038810996,39.150875509584814,1,70,100
9034,天津市北辰区冶金学院宿舍,"(117.12121502202076, 39.26567410433986)",117.12121502202076,39.26567410433986,1,70,100
9035,天津市南开区冶金里,"(117.13611746127853, 39.150355165675684)",117.13611746127853,39.150355165675684,1,70,100
9036,天津市西青区凌云里,"(117.03055578419001, 39.1434169928493)",117.03055578419001,39.1434169928493,1,70,100
9037,天津市南开区凌奥花园,"(117.1807334213815, 39.07001765432214)",117.1807334213815,39.07001765432214,1,70,100
9038,天津市南开区凌洪里,"(117.18638214608934, 39.074076475512456)",117.18638214608934,39.074076475512456,1,70,100
9039,天津市南开区凌研里,"(117.1872430820901, 39.07229397325162)",117.1872430820901,39.07229397325162,1,70,100
9040,天津市南开区凌霄里,"(117.18512200311996, 39.074462870919646)",117.18512200311996,39.074462870919646,1,70,100
9041,天津市南开区凤仪园,"(117.1837811024852, 39.137450109481456)",117.1837811024852,39.137450109481456,1,70,100
9042,天津市河西区凤凰城,"(117.19436547698706, 39.10009037905925)",117.19436547698706,39.10009037905925,1,70,100
9043,天津市蓟州区凤凰小区,"(117.45834449855737, 40.05761247097192)",117.45834449855737,40.05761247097192,1,70,100
9044,天津市南开区凤园北里,"(117.15455527170138, 39.09665895858541)",117.15455527170138,39.09665895858541,1,70,100
9045,天津市南开区凤园南里,"(117.15454557000187, 39.09229124900733)",117.15454557000187,39.09229124900733,1,70,100
9046,天津市南开区凤园里,"(117.15465695988512, 39.09457307386544)",117.15465695988512,39.09457307386544,1,70,100
9047,天津市红桥区凤城楼,"(117.15436096821958, 39.19168722803511)",117.15436096821958,39.19168722803511,1,70,100
9048,天津市西青区凤展园,"(117.19579297427298, 39.04952402076566)",117.19579297427298,39.04952402076566,1,70,100
9049,天津市河东区凤岐东里,"(117.28151970637899, 39.145961990657206)",117.28151970637899,39.145961990657206,1,70,100
9050,天津市河东区凤岐里,"(117.27736881627848, 39.14507988075944)",117.27736881627848,39.14507988075944,0,50,100
9051,天津市武清区凤河孔雀城,"(116.81297011000471, 39.56854876648171)",116.81297011000471,39.56854876648171,1,70,100
9052,天津市河东区凤溪花园,"(117.27217858670294, 39.15489921296048)",117.27217858670294,39.15489921296048,1,70,100
9053,天津市南开区凤玉里,"(117.17136409491243, 39.13890661837691)",117.17136409491243,39.13890661837691,1,70,100
9054,天津市南开区凤翔里,"(117.1765911550139, 39.135287852399706)",117.1765911550139,39.135287852399706,1,70,100
9055,天津市河东区凤麟公寓,"(117.27646916331025, 39.12706645268444)",117.27646916331025,39.12706645268444,1,70,100
9056,天津市河东区凤麟里,"(117.27627108694529, 39.124855592178946)",117.27627108694529,39.124855592178946,0,50,100
9057,天津市东丽区凭澜苑,"(117.50326830795862, 39.18899876555956)",117.50326830795862,39.18899876555956,1,70,100
9058,天津市东丽区凯东大厦,"(117.32651502089882, 39.119034080616544)",117.32651502089882,39.119034080616544,1,70,100
9059,天津市西青区凯信佳园,"(117.11595436529322, 39.13026499533797)",117.11595436529322,39.13026499533797,1,70,100
9060,天津市南开区凯兴天宝公寓,"(117.16684400124733, 39.136204297689645)",117.16684400124733,39.136204297689645,1,70,100
9061,天津市河西区凯德国贸,"(117.22294991763678, 39.119776631632746)",117.22294991763678,39.119776631632746,0,50,100
9062,天津市宝坻区凯旋家园,"(117.30442029857541, 39.70113611658916)",117.30442029857541,39.70113611658916,1,70,100
9063,天津市滨海新区凯旋苑,"(117.4835989206816, 38.84775509356006)",117.4835989206816,38.84775509356006,1,70,100
9064,天津市河西区凯旋门大厦,"(117.2237080874872, 39.1207959381784)",117.2237080874872,39.1207959381784,1,75,100
9065,天津市宝坻区凯瑞国际,"(117.34269260482802, 39.72909130979894)",117.34269260482802,39.72909130979894,1,70,100
9066,天津市南开区凯祥花园,"(117.16549600399905, 39.10255407991419)",117.16549600399905,39.10255407991419,1,70,100
9067,天津市南开区凯立天香家园,"(117.16392127444007, 39.1366372245292)",117.16392127444007,39.1366372245292,1,70,100
9068,天津市南开区凯立花园,"(117.17927026136687, 39.127182745536835)",117.17927026136687,39.127182745536835,1,70,100
9069,天津市蓟州区凯罗城小区,"(117.43535596225152, 40.05721706256839)",117.43535596225152,40.05721706256839,1,70,100
9070,天津市河东区刘台大街,"(117.24352443754564, 39.11833323006266)",117.24352443754564,39.11833323006266,0,30,100
9071,天津市滨海新区创业北里,"(117.51285538368332, 38.749718479700036)",117.51285538368332,38.749718479700036,1,70,100
9072,天津市滨海新区创业南里,"(117.51111195234955, 38.74250799376109)",117.51111195234955,38.74250799376109,1,70,100
9073,天津市和平区利华里,"(117.20362503052283, 39.119209099713004)",117.20362503052283,39.119209099713004,1,70,100
9074,天津市河西区利合里,"(117.2269002161169, 39.11310108687159)",117.2269002161169,39.11310108687159,1,70,100
9075,天津市和平区利安里,"(117.20003647967157, 39.13051065426265)",117.20003647967157,39.13051065426265,1,70,100
9076,天津市和平区利康里(和平区),"(117.2034556999342, 39.11914422863163)",117.2034556999342,39.11914422863163,1,70,100
9077,天津市南开区利德公寓,"(117.16691119449948, 39.10043435182673)",117.16691119449948,39.10043435182673,1,70,100
9078,天津市河西区利民道,"(117.22389825876367, 39.104865037392095)",117.22389825876367,39.104865037392095,0,30,100
9079,天津市红桥区利民里(红桥区),"(117.19570134711095, 39.15495607725182)",117.19570134711095,39.15495607725182,1,70,100
9080,天津市西青区利海家园,"(117.13265143929884, 39.10706981113327)",117.13265143929884,39.10706981113327,1,70,100
9081,天津市滨海新区前光里,"(117.45521102927748, 38.83895713180451)",117.45521102927748,38.83895713180451,1,70,100
9082,天津市塘沽区前卫里,"(117.73816289203236, 39.005684256193334)",117.73816289203236,39.005684256193334,1,70,100
9083,天津市红桥区前园村,"(0, 0)",0.0,0.0,0,0,0
9084,天津市滨海新区前坨里,"(117.81127283342019, 39.25787650085635)",117.81127283342019,39.25787650085635,1,70,100
9085,天津市和平区前明德里,"(0, 0)",0.0,0.0,0,0,0
9086,天津市滨海新区前程里,"(117.4557493837696, 38.84400965326831)",117.4557493837696,38.84400965326831,1,70,100
9087,天津市滨海新区前程里(大港区),"(117.4557493837696, 38.84400965326831)",117.4557493837696,38.84400965326831,1,70,57
9088,天津市河西区前程里(河西区),"(117.2277999589157, 39.10162648366651)",117.2277999589157,39.10162648366651,1,70,100
9089,天津市河东区前进新里,"(117.26296718234252, 39.13717453141883)",117.26296718234252,39.13717453141883,1,70,100
9090,天津市河西区前进楼,"(117.23680547165323, 39.11301997342703)",117.23680547165323,39.11301997342703,1,70,100
9091,天津市河西区前进道,"(117.21729930648736, 39.100101018860904)",117.21729930648736,39.100101018860904,0,30,100
9092,天津市滨海新区前进里,"(117.45488727997167, 38.84730457497574)",117.45488727997167,38.84730457497574,1,70,100
9093,天津市塘沽区前进里(塘沽),"(117.61546406106888, 39.035331368051565)",117.61546406106888,39.035331368051565,1,70,100
9094,天津市津南区剧场西里,"(117.39382604089755, 38.992723124729814)",117.39382604089755,38.992723124729814,1,70,100
9095,天津市河西区副食大楼,"(117.26637193988644, 39.08268814747386)",117.26637193988644,39.08268814747386,1,70,100
9096,天津市滨海新区力高一期雍海苑,"(117.8385439514143, 39.172315634989296)",117.8385439514143,39.172315634989296,0,50,100
9097,天津市滨海新区力高二期逸海苑,"(117.83733096948419, 39.17405621996227)",117.83733096948419,39.17405621996227,1,70,100
9098,天津市滨海新区力高阳光海岸,"(117.83389800514725, 39.17275512071112)",117.83389800514725,39.17275512071112,1,70,100
9099,天津市开发区加孚园,"(117.69771497966514, 39.03777752164136)",117.69771497966514,39.03777752164136,1,70,100
9100,天津市和平区劲松楼,"(117.19850882132128, 39.12601721931047)",117.19850882132128,39.12601721931047,1,70,100
9101,天津市蓟州区劳动局家属楼,"(117.44315603882522, 40.050510092283574)",117.44315603882522,40.050510092283574,1,70,100
9102,天津市河西区劳卫里,"(117.20196550092369, 39.10418427320451)",117.20196550092369,39.10418427320451,1,70,100
9103,天津市河西区勘测楼,"(117.21718701829862, 39.099881012633155)",117.21718701829862,39.099881012633155,1,70,100
9104,天津市红桥区勤俭道,"(117.1640680575604, 39.18019309263925)",117.1640680575604,39.18019309263925,0,30,100
9105,天津市和平区勤建里,"(117.1981135668969, 39.11921336846598)",117.1981135668969,39.11921336846598,1,70,100
9106,天津市和平区包头道,"(117.19341183585769, 39.130078808946884)",117.19341183585769,39.130078808946884,0,30,100
9107,天津市宝坻区化肥厂楼,"(117.33707451233806, 39.72408013541763)",117.33707451233806,39.72408013541763,0,50,100
9108,天津市塘沽区北仑里,"(117.7189036710512, 39.012506787227395)",117.7189036710512,39.012506787227395,1,70,100
9109,天津市滨海新区北区西里,"(117.49712282030376, 38.74351603699323)",117.49712282030376,38.74351603699323,1,70,100
9110,天津市北辰区北医道13号院,"(117.14057224813307, 39.23240778418844)",117.14057224813307,39.23240778418844,0,30,100
9111,天津市塘沽区北卫里,"(117.6299693594607, 39.01680876193319)",117.6299693594607,39.01680876193319,0,50,100
9112,天津市塘沽区北塘古镇,"(117.72773131929775, 39.11467189769943)",117.72773131929775,39.11467189769943,0,50,100
9113,天津市河西区北大资源阅公馆,"(117.24940932677208, 39.08443215718148)",117.24940932677208,39.08443215718148,1,70,100
9114,天津市河西区北大资源阅城,"(117.24940932677208, 39.08443215718148)",117.24940932677208,39.08443215718148,1,70,100
9115,天津市东丽区北大资源阅府,"(117.50882944787925, 39.193605657388794)",117.50882944787925,39.193605657388794,1,70,100
9116,天津市河北区北宁公元,"(117.22037600285904, 39.18225516704325)",117.22037600285904,39.18225516704325,1,70,100
9117,天津市河北区北宁湾-宁宇家园,"(117.2156189362004, 39.18750932515912)",117.2156189362004,39.18750932515912,1,70,100
9118,天津市河北区北宁湾-宁湾家园,"(117.21734763532379, 39.18766697454589)",117.21734763532379,39.18766697454589,1,70,100
9119,天津市河北区北宁湾-宁静家园,"(117.21623355683032, 39.185056450528336)",117.21623355683032,39.185056450528336,1,70,100
9120,天津市河北区北宁湾-致远家园,"(117.21840727650337, 39.189793843152366)",117.21840727650337,39.189793843152366,1,70,100
9121,天津市滨海新区北安小区,"(117.45671901473708, 38.72390706407332)",117.45671901473708,38.72390706407332,1,70,100
9122,天津市河北区北安道20号,"(0, 0)",0.0,0.0,0,0,0
9123,天津市红桥区北岳楼,"(117.16710046747043, 39.19166996102238)",117.16710046747043,39.19166996102238,1,70,100
9124,天津市红桥区北岸中心,"(117.14782696343164, 39.185942110071686)",117.14782696343164,39.185942110071686,1,70,100
9125,天津市河北区北岸华庭,"(117.21420221858061, 39.15405757406519)",117.21420221858061,39.15405757406519,1,70,100
9126,天津市宝坻区北岸印象,"(0, 0)",0.0,0.0,0,0,0
9127,天津市武清区北岸尚城,"(117.01681314717615, 39.39066700788744)",117.01681314717615,39.39066700788744,1,70,100
9128,天津市红桥区北岸潞园,"(117.17297826008331, 39.174303962395975)",117.17297826008331,39.174303962395975,1,70,100
9129,天津市红桥区北开花园,"(117.18712261932122, 39.161194780830805)",117.18712261932122,39.161194780830805,1,70,100
9130,天津市河北区北斗花园,"(117.21904767850143, 39.15526312963573)",117.21904767850143,39.15526312963573,1,70,100
9131,天津市武清区北新玉龙湾,"(116.98559496460176, 39.435340311045515)",116.98559496460176,39.435340311045515,1,70,100
9132,天津市河西区北洋新里,"(117.24602990144353, 39.09939164854178)",117.24602990144353,39.09939164854178,1,70,100
9133,天津市河北区北洋花园东悦里,"(117.18789731799303, 39.18290328891085)",117.18789731799303,39.18290328891085,1,70,100
9134,天津市宝坻区北海楼,"(0, 0)",0.0,0.0,0,0,0
9135,天津市滨海新区北苑小区,"(117.50112665779228, 38.74380603672275)",117.50112665779228,38.74380603672275,1,70,100
9136,天津市红桥区北辛庄大楼,"(117.1458612913147, 39.15462055628005)",117.1458612913147,39.15462055628005,1,75,100
9137,天津市北辰区北辰大厦,"(117.1349983522742, 39.22745137867807)",117.1349983522742,39.22745137867807,1,75,100
9138,天津市北辰区北辰金辉中环云著,"(117.23060572634556, 39.19643773107427)",117.23060572634556,39.19643773107427,1,70,100
9139,天津市塘沽区北邻村,"(0, 0)",0.0,0.0,0,0,0
9140,天津市河东区北长路30,"(117.23251426623206, 39.135179269032484)",117.23251426623206,39.135179269032484,1,80,99
9141,天津市河东区十三经路18号院,"(117.23086237222977, 39.12398602105689)",117.23086237222977,39.12398602105689,1,70,100
9142,天津市河东区十三经路2号,"(117.23756184489262, 39.127231235820645)",117.23756184489262,39.127231235820645,1,80,100
9143,天津市河东区十二经路,"(117.23343970056844, 39.12776252759137)",117.23343970056844,39.12776252759137,0,30,100
9144,天津市河东区十二经路13,"(117.23675660383348, 39.128400170341436)",117.23675660383348,39.128400170341436,1,70,100
9145,天津市河东区十二经路16,"(117.23084260950854, 39.12569786299025)",117.23084260950854,39.12569786299025,1,80,100
9146,天津市河东区十二经路4,"(117.23343970056844, 39.12776252759137)",117.23343970056844,39.12776252759137,0,30,100
9147,天津市河东区十五经路12号,"(117.2405080174737, 39.11983807315964)",117.2405080174737,39.11983807315964,1,80,100
9148,天津市河东区十五经路6,"(117.24089132443481, 39.11963471409533)",117.24089132443481,39.11963471409533,0,30,100
9149,天津市西青区十华里,"(117.13327351586449, 39.093682544479435)",117.13327351586449,39.093682544479435,1,70,100
9150,天津市河东区十四经路,"(117.23953164921491, 39.12555420814846)",117.23953164921491,39.12555420814846,0,30,100
9151,天津市塘沽区十堰里,"(117.6577017573342, 39.04803356618961)",117.6577017573342,39.04803356618961,1,70,100
9152,天津市河东区十纬路,"(117.2345109298891, 39.131531833269946)",117.2345109298891,39.131531833269946,0,30,100
9153,天津市红桥区千吉花园,"(117.1835385599975, 39.15868775628479)",117.1835385599975,39.15868775628479,1,70,100
9154,天津市红桥区千禧园东区,"(117.14803483132665, 39.16218928494886)",117.14803483132665,39.16218928494886,1,70,100
9155,天津市红桥区千禧园西区,"(117.14347332577753, 39.16211487247309)",117.14347332577753,39.16211487247309,1,70,100
9156,天津市塘沽区千间小区,"(117.72521022488401, 39.004596753253196)",117.72521022488401,39.004596753253196,0,50,100
9157,天津市红桥区千阳里,"(117.1582850361788, 39.15664610760365)",117.1582850361788,39.15664610760365,1,70,100
9158,天津市西青区半岛蓝湾天择园,"(0, 0)",0.0,0.0,0,0,0
9159,天津市西青区半岛蓝湾天睐园,"(0, 0)",0.0,0.0,0,0,0
9160,天津市河西区半岛豪庭天潇园,"(117.22991430059453, 39.058633688669666)",117.22991430059453,39.058633688669666,1,70,100
9161,天津市和平区华中路,"(117.2083900921005, 39.132090099469536)",117.2083900921005,39.132090099469536,0,30,100
9162,天津市和平区华中里,"(117.20814000384652, 39.131889084970226)",117.20814000384652,39.131889084970226,1,70,100
9163,天津市东丽区华丰家园,"(117.42465489786392, 39.18106189390697)",117.42465489786392,39.18106189390697,1,70,100
9164,天津市河西区华义公寓,"(117.22469074388455, 39.108359396562165)",117.22469074388455,39.108359396562165,1,70,100
9165,天津市塘沽区华云园,"(117.71228136283165, 39.015819127173216)",117.71228136283165,39.015819127173216,1,70,100
9166,天津市河东区华云大厦,"(117.22248881741851, 39.14799024152096)",117.22248881741851,39.14799024152096,1,75,100
9167,天津市西青区华亭丽园,"(117.09453651617157, 39.12547415875631)",117.09453651617157,39.12547415875631,1,70,100
9168,天津市塘沽区华亭公寓,"(117.71521334218565, 39.01438086953924)",117.71521334218565,39.01438086953924,1,70,100
9169,天津市西青区华亭国际,"(117.07969075999146, 39.12590785183053)",117.07969075999146,39.12590785183053,1,70,100
9170,天津市东丽区华亭里(东丽区),"(117.32377716536551, 39.09709626055547)",117.32377716536551,39.09709626055547,1,70,100
9171,天津市河东区华亭里(河东区),"(117.23392622283265, 39.146637311352734)",117.23392622283265,39.146637311352734,1,70,100
9172,天津市东丽区华侨城水岸社区,"(117.47652305801005, 39.19894968985488)",117.47652305801005,39.19894968985488,1,70,100
9173,天津市西青区华侨城碧桂园天境,"(117.12924695124657, 39.05194025926976)",117.12924695124657,39.05194025926976,1,70,100
9174,天津市河东区华光里,"(117.23725372610271, 39.15549841897657)",117.23725372610271,39.15549841897657,1,70,100
9175,天津市南开区华兴楼,"(117.18074986037233, 39.139682958298366)",117.18074986037233,39.139682958298366,1,70,100
9176,天津市宝坻区华兴里住宅小区,"(117.30007052363499, 39.73163272369209)",117.30007052363499,39.73163272369209,1,70,100
9177,天津市和平区华卫里3号,"(117.18831898259941, 39.109988194700406)",117.18831898259941,39.109988194700406,1,70,57
9178,天津市和平区华卫里5号,"(117.18831898259941, 39.109988194700406)",117.18831898259941,39.109988194700406,1,70,57
9179,天津市东丽区华城庭苑,"(117.30019260335379, 39.17041899682763)",117.30019260335379,39.17041899682763,1,70,100
9180,天津市西青区华城景苑盛和丽园,"(117.11052662374082, 39.17229668494601)",117.11052662374082,39.17229668494601,1,70,100
9181,天津市西青区华城景苑盛和嘉园,"(117.11290937910604, 39.17186621689348)",117.11290937910604,39.17186621689348,1,70,100
9182,天津市红桥区华城领秀万华里,"(117.16617521279515, 39.1486436482272)",117.16617521279515,39.1486436482272,1,70,100
9183,天津市红桥区华城领秀怡和家园,"(117.16052019994873, 39.15118202033968)",117.16052019994873,39.15118202033968,1,70,100
9184,天津市红桥区华城领秀睦华里,"(117.16238418388194, 39.14953844384902)",117.16238418388194,39.14953844384902,1,70,100
9185,天津市滨海新区华城馨苑,"(117.82866339927949, 39.26351673033755)",117.82866339927949,39.26351673033755,1,70,100
9186,天津市河西区华夏津典川水园,"(117.22932680879101, 39.0651562968301)",117.22932680879101,39.0651562968301,1,70,100
9187,天津市河西区华夏津典泉水园,"(117.22602939875554, 39.066410238204746)",117.22602939875554,39.066410238204746,1,70,100
9188,天津市河西区华夏津典涟水园,"(117.22708939925731, 39.06880537539309)",117.22708939925731,39.06880537539309,1,70,100
9189,天津市河西区华夏津典畅水园,"(117.23017265325919, 39.062322187533354)",117.23017265325919,39.062322187533354,1,70,100
9190,天津市南开区华宁北里,"(117.14678465954842, 39.110866548519574)",117.14678465954842,39.110866548519574,1,70,100
9191,天津市南开区华宁南里,"(117.14660293234375, 39.108183860362075)",117.14660293234375,39.108183860362075,1,70,100
9192,天津市南开区华安北里,"(117.15703450507837, 39.14563419124625)",117.15703450507837,39.14563419124625,1,70,100
9193,天津市河北区华宜里,"(117.21267159582216, 39.19503233396016)",117.21267159582216,39.19503233396016,0,30,100
9194,天津市东丽区华富家园北区,"(117.43650803906807, 39.178442102871735)",117.43650803906807,39.178442102871735,1,70,100
9195,天津市东丽区华富家园南区,"(117.43487527897314, 39.175783196463044)",117.43487527897314,39.175783196463044,1,70,100
9196,天津市河北区华屏里,"(117.2326392205285, 39.16277709875601)",117.2326392205285,39.16277709875601,0,50,100
9197,天津市河西区华山里,"(117.27089553694303, 39.07058880682652)",117.27089553694303,39.07058880682652,1,70,100
9198,天津市南开区华巨公寓,"(117.14920586238946, 39.09550832402784)",117.14920586238946,39.09550832402784,1,70,100
9199,天津市滨海新区华幸小区,"(117.39556147731227, 38.67207439587918)",117.39556147731227,38.67207439587918,1,70,100
9200,天津市河东区华庆里,"(117.23136865721519, 39.149524733808754)",117.23136865721519,39.149524733808754,1,70,100
9201,天津市武清区华庭豪苑,"(117.04814424675317, 39.37295604083914)",117.04814424675317,39.37295604083914,1,70,100
9202,天津市河东区华康西里,"(117.22877003903592, 39.15149055821813)",117.22877003903592,39.15149055821813,1,70,100
9203,天津市河东区华康里,"(117.22985061073388, 39.15116397387429)",117.22985061073388,39.15116397387429,1,70,100
9204,天津市塘沽区华开里,"(117.7142587129202, 39.01079161461422)",117.7142587129202,39.01079161461422,1,70,100
9205,天津市河西区华悦大厦,"(117.19488047553594, 39.09629277645872)",117.19488047553594,39.09629277645872,1,75,100
9206,天津市河东区华旭里,"(117.23585838815406, 39.14752387844979)",117.23585838815406,39.14752387844979,1,70,100
9207,天津市河东区华旺里,"(117.23287170199448, 39.146982454087365)",117.23287170199448,39.146982454087365,1,70,100
9208,天津市河东区华昌南里,"(117.23718662268111, 39.145237975819356)",117.23718662268111,39.145237975819356,1,70,100
9209,天津市河西区华昌大厦,"(117.19335335616897, 39.089833907463564)",117.19335335616897,39.089833907463564,0,50,100
9210,天津市蓟州区华景家园,"(117.44560221455944, 39.97800686916395)",117.44560221455944,39.97800686916395,1,70,100
9211,天津市南开区华智里,"(117.12982752609767, 39.14571057997892)",117.12982752609767,39.14571057997892,1,70,100
9212,天津市河西区华江里,"(117.2652119579814, 39.06241911796881)",117.2652119579814,39.06241911796881,1,70,100
9213,天津市河北区华泰园,"(117.19580519122792, 39.17261044385562)",117.19580519122792,39.17261044385562,1,70,100
9214,天津市河东区华泰里,"(0, 0)",0.0,0.0,0,0,0
9215,天津市津南区华润中央公园,"(117.30052704249516, 39.01148807563134)",117.30052704249516,39.01148807563134,1,70,100
9216,天津市东丽区华润橡树湾,"(117.40249262296615, 39.181017216558715)",117.40249262296615,39.181017216558715,1,70,100
9217,天津市东丽区华润橡树湾久润轩,"(117.4042700102482, 39.17939909418213)",117.4042700102482,39.17939909418213,1,70,100
9218,天津市东丽区华润橡树湾仰润轩,"(117.40730080320832, 39.17802320965189)",117.40730080320832,39.17802320965189,1,70,100
9219,天津市东丽区华润橡树湾橡墅,"(117.40249262296615, 39.181017216558715)",117.40249262296615,39.181017216558715,1,70,57
9220,天津市东丽区华润橡树湾芳润轩,"(117.39823959552915, 39.184681922500836)",117.39823959552915,39.184681922500836,1,70,100
9221,天津市东丽区华润橡树湾茗润轩,"(117.40116645454177, 39.18266354744635)",117.40116645454177,39.18266354744635,0,50,100
9222,天津市东丽区华润橡树湾香润轩,"(117.40395829823623, 39.1822807564351)",117.40395829823623,39.1822807564351,1,70,100
9223,天津市宝坻区华润理想之城,"(117.24863130436988, 39.59944011143905)",117.24863130436988,39.59944011143905,1,70,100
9224,天津市和平区华润紫阳里,"(117.20502333287966, 39.13156611719825)",117.20502333287966,39.13156611719825,1,70,100
9225,天津市东丽区华湖苑,"(117.39542762979127, 39.17579662165339)",117.39542762979127,39.17579662165339,0,50,100
9226,天津市南开区华瑞里,"(117.16685639786337, 39.145607049442)",117.16685639786337,39.145607049442,1,70,100
9227,天津市滨海新区华盛小区,"(117.40766371863434, 38.688672447730845)",117.40766371863434,38.688672447730845,1,70,100
9228,天津市河西区华盛广场,"(117.21649397559767, 39.10389267508341)",117.21649397559767,39.10389267508341,1,75,100
9229,天津市滨海新区华福小区,"(117.37898827963649, 38.683031358052425)",117.37898827963649,38.683031358052425,1,70,100
9230,天津市南开区华章里,"(117.16564557186646, 39.12598797069857)",117.16564557186646,39.12598797069857,1,70,100
9231,天津市开发区华纳豪园3期,"(117.70006315026822, 39.035261444665494)",117.70006315026822,39.035261444665494,1,70,100
9232,天津市南开区华美里,"(117.15374374250366, 39.14308253570352)",117.15374374250366,39.14308253570352,1,70,100
9233,天津市塘沽区华翠洋房,"(117.64661999107145, 39.039566086927756)",117.64661999107145,39.039566086927756,1,70,100
9234,天津市南开区华育里,"(117.1755328612926, 39.132745194221776)",117.1755328612926,39.132745194221776,1,70,100
9235,天津市和平区华胜村,"(117.19595529807863, 39.12545813487221)",117.19595529807863,39.12545813487221,1,70,100
9236,天津市河东区华腾里,"(117.2329459020296, 39.149411206177966)",117.2329459020296,39.149411206177966,1,70,100
9237,天津市和平区华荫东里,"(117.20366976613722, 39.12103785160209)",117.20366976613722,39.12103785160209,1,70,100
9238,天津市和平区华荫南里,"(117.2039742917051, 39.12015332752481)",117.2039742917051,39.12015332752481,1,70,100
9239,天津市河东区华莹里,"(0, 0)",0.0,0.0,0,0,0
9240,天津市塘沽区华蓉里,"(117.6575844386346, 39.04802494994323)",117.6575844386346,39.04802494994323,1,70,100
9241,天津市河西区华记里,"(117.23234879835712, 39.10661542345213)",117.23234879835712,39.10661542345213,1,70,100
9242,天津市东丽区华轩南园,"(117.42572424074301, 39.17028277646203)",117.42572424074301,39.17028277646203,1,70,100
9243,天津市津南区华远景瑞海蓝城,"(117.4079486611421, 38.986588787637636)",117.4079486611421,38.986588787637636,1,70,100
9244,天津市塘沽区华远栖塘,"(117.61906887124988, 38.99952721807905)",117.61906887124988,38.99952721807905,1,70,100
9245,天津市滨海新区华远棠悦,"(117.81582185252272, 39.25189691947469)",117.81582185252272,39.25189691947469,1,70,100
9246,天津市津南区华远波士顿,"(117.35272155703306, 39.03968883061737)",117.35272155703306,39.03968883061737,1,70,100
9247,天津市津南区华远波士顿上东苑,"(117.35008206595309, 39.03912695420478)",117.35008206595309,39.03912695420478,1,70,100
9248,天津市津南区华远波士顿上东轩,"(117.35272155703306, 39.03968883061737)",117.35272155703306,39.03968883061737,1,70,100
9249,天津市河北区华迪园,"(117.19711716642523, 39.18480189473687)",117.19711716642523,39.18480189473687,1,70,100
9250,天津市河东区华郡新苑,"(117.23273569854027, 39.15079430009722)",117.23273569854027,39.15079430009722,1,70,100
9251,天津市南开区华都大厦,"(117.18161088620364, 39.131495380339985)",117.18161088620364,39.131495380339985,1,75,100
9252,天津市南开区华阳里(南开),"(117.14225522350601, 39.14583614552545)",117.14225522350601,39.14583614552545,1,70,100
9253,天津市滨海新区华阳里(滨海新区),"(117.82536571975237, 39.2505918951862)",117.82536571975237,39.2505918951862,0,50,100
9254,天津市滨海新区华隆小区,"(117.43393798700403, 38.68608586564106)",117.43393798700403,38.68608586564106,1,70,100
9255,天津市南开区华鹊里,"(117.15851302611723, 39.118343097303445)",117.15851302611723,39.118343097303445,1,70,100
9256,天津市河东区华鹏里,"(117.23524709125452, 39.14988853860791)",117.23524709125452,39.14988853860791,1,70,100
9257,天津市西青区华鼎智地,"(117.09554845732856, 39.10491221327877)",117.09554845732856,39.10491221327877,0,50,100
9258,天津市和平区协兴里,"(117.20650095561302, 39.11757085903281)",117.20650095561302,39.11757085903281,1,70,100
9259,天津市和平区协同里,"(117.20275187756712, 39.11299946759742)",117.20275187756712,39.11299946759742,1,70,100
9260,天津市和平区协和里,"(117.20664315737525, 39.11753313915605)",117.20664315737525,39.11753313915605,1,70,100
9261,天津市和平区协安里,"(117.19696068160539, 39.11463053708272)",117.19696068160539,39.11463053708272,1,70,100
9262,天津市和平区协昌里一条,"(117.19450552281609, 39.12871923442911)",117.19450552281609,39.12871923442911,1,70,57
9263,天津市和平区协昌里三条,"(117.19450552281609, 39.12871923442911)",117.19450552281609,39.12871923442911,1,70,57
9264,天津市和平区协昌里二条,"(117.19450552281609, 39.12871923442911)",117.19450552281609,39.12871923442911,1,70,57
9265,天津市南开区协龙里,"(117.17584502245731, 39.1206906912322)",117.17584502245731,39.1206906912322,1,70,100
9266,天津市西青区卓越云门,"(117.13231771880187, 39.04785675779964)",117.13231771880187,39.04785675779964,1,70,100
9267,天津市河东区卓越浅水湾,"(117.23049424663178, 39.130964606732626)",117.23049424663178,39.130964606732626,0,50,100
9268,天津市武清区卓达三溪塘,"(116.93812230314649, 39.66357504459477)",116.93812230314649,39.66357504459477,1,70,100
9269,天津市武清区卓达太阳城,"(116.94700501752081, 39.60352810571889)",116.94700501752081,39.60352810571889,1,70,100
9270,天津市南开区南丰里,"(117.16802787807892, 39.125401456475394)",117.16802787807892,39.125401456475394,1,70,100
9271,天津市和平区南京路,"(117.20515718040065, 39.124266619342585)",117.20515718040065,39.124266619342585,0,30,100
9272,天津市和平区南京路(和平区),"(117.20515718040065, 39.124266619342585)",117.20515718040065,39.124266619342585,0,30,100
9273,天津市河西区南京路(河西区),"(117.2271510230153, 39.11800768031536)",117.2271510230153,39.11800768031536,0,30,100
9274,天津市和平区南京路154号,"(117.20003324577173, 39.125780711045266)",117.20003324577173,39.125780711045266,1,80,100
9275,天津市和平区南京路164号,"(117.19964113541663, 39.12582752295184)",117.19964113541663,39.12582752295184,1,80,100
9276,天津市和平区南京路250号,"(117.19169418589205, 39.12662122140071)",117.19169418589205,39.12662122140071,1,80,100
9277,天津市北辰区南仓新苑,"(117.1531020828779, 39.212329712783465)",117.1531020828779,39.212329712783465,1,70,100
9278,天津市红桥区南充楼,"(117.16809471200888, 39.18377730002526)",117.16809471200888,39.18377730002526,1,70,100
9279,天津市河西区南华里,"(117.23270856971386, 39.1103975579452)",117.23270856971386,39.1103975579452,1,70,100
9280,天津市津南区南华里(津南区),"(117.3930160388192, 38.988563118763786)",117.3930160388192,38.988563118763786,1,70,100
9281,天津市河北区南口路9号,"(117.20393207134613, 39.176246993338154)",117.20393207134613,39.176246993338154,1,80,100
9282,天津市蓟州区南四眼井街,"(117.41241332935724, 40.04897612297614)",117.41241332935724,40.04897612297614,0,30,100
9283,天津市津南区南园,"(117.35014701344147, 38.94711007952326)",117.35014701344147,38.94711007952326,1,70,100
9284,天津市塘沽区南地,"(117.62676690031763, 39.01655310236837)",117.62676690031763,39.01655310236837,1,70,100
9285,天津市红桥区南坪楼,"(0, 0)",0.0,0.0,0,0,0
9286,天津市东丽区南大桥中铁十六局宿舍楼,"(117.2792060307075, 39.128100136817274)",117.2792060307075,39.128100136817274,0,50,100
9287,天津市红桥区南头窑大楼,"(117.16794173058051, 39.15040566837319)",117.16794173058051,39.15040566837319,1,75,100
9288,天津市和平区南宁路,"(117.20192732293951, 39.12007530132714)",117.20192732293951,39.12007530132714,0,30,100
9289,天津市河北区南小街,"(117.21762673884575, 39.186208127337935)",117.21762673884575,39.186208127337935,0,30,100
9290,天津市西青区南岸家园,"(117.1226864464461, 39.1761059596984)",117.1226864464461,39.1761059596984,1,70,100
9291,天津市南开区南开华府,"(117.14109092973453, 39.11074371962537)",117.14109092973453,39.11074371962537,1,70,100
9292,天津市南开区南开大学西南村,"(117.16679558258033, 39.10768223594471)",117.16679558258033,39.10768223594471,1,70,100
9293,天津市南开区南开悦玺,"(117.15048199519694, 39.14916519403646)",117.15048199519694,39.14916519403646,1,70,100
9294,天津市滨海新区南春园小区,"(117.52300614611552, 38.69688099662627)",117.52300614611552,38.69688099662627,1,70,100
9295,天津市南开区南江东里,"(117.14362289364495, 39.129435094188175)",117.14362289364495,39.129435094188175,1,70,100
9296,天津市开发区南江小区,"(117.70360085702762, 39.042724426634784)",117.70360085702762,39.042724426634784,1,70,100
9297,天津市南开区南江西里,"(117.14126142812033, 39.13101183497214)",117.14126142812033,39.13101183497214,0,50,100
9298,天津市河西区南浦大厦,"(117.22282765825688, 39.11690344514569)",117.22282765825688,39.11690344514569,1,75,100
9299,天津市和平区南海楼,"(117.21458588486392, 39.120965144705096)",117.21458588486392,39.120965144705096,1,70,100
9300,天津市和平区南海路(和平区),"(117.2134683928095, 39.12051427628135)",117.2134683928095,39.12051427628135,0,30,100
9301,天津市河西区南海里,"(117.27831500147214, 39.07006352316642)",117.27831500147214,39.07006352316642,1,70,100
9302,天津市武清区南湖9号,"(117.13155568623776, 39.33288931481621)",117.13155568623776,39.33288931481621,0,50,100
9303,天津市武清区南湖红星国际广场,"(117.0747064220388, 39.39087522222953)",117.0747064220388,39.39087522222953,0,50,100
9304,天津市塘沽区南益名士华庭一期,"(117.63601235045688, 39.05729401734733)",117.63601235045688,39.05729401734733,1,70,100
9305,天津市塘沽区南益名士华庭三期(丁香苑),"(117.64070608657707, 39.059024441739815)",117.64070608657707,39.059024441739815,1,70,100
9306,天津市塘沽区南益名士华庭二期(玫瑰苑),"(117.63792996322903, 39.06099512354077)",117.63792996322903,39.06099512354077,0,50,100
9307,天津市塘沽区南益名士华庭五期(玉兰苑),"(117.64205300585873, 39.059735131867605)",117.64205300585873,39.059735131867605,1,70,100
9308,天津市塘沽区南益名士华庭四期(海棠苑),"(117.63934497406835, 39.05640966754425)",117.63934497406835,39.05640966754425,1,70,100
9309,天津市塘沽区南益名悦华庭,"(117.64281755367826, 39.05707674821815)",117.64281755367826,39.05707674821815,1,70,100
9310,天津市塘沽区南益名悦湾,"(117.6666515751301, 39.01963385020757)",117.6666515751301,39.01963385020757,1,70,100
9311,天津市和平区南荣里,"(117.18800116210998, 39.134272255496995)",117.18800116210998,39.134272255496995,1,70,100
9312,天津市河西区南通里,"(117.22816772519148, 39.12252262325572)",117.22816772519148,39.12252262325572,1,70,100
9313,天津市和平区南门外大街,"(117.18737666011944, 39.13496119226245)",117.18737666011944,39.13496119226245,0,30,100
9314,天津市河西区博兰苑,"(117.2046584411815, 39.07759127870507)",117.2046584411815,39.07759127870507,1,70,100
9315,天津市南开区博彩公寓,"(117.1815336319298, 39.08854559061411)",117.1815336319298,39.08854559061411,1,70,100
9316,天津市河北区博德花园,"(117.22397075201832, 39.19347766121374)",117.22397075201832,39.19347766121374,1,70,100
9317,天津市武清区博惠苑,"(116.9512481635972, 39.25929774045025)",116.9512481635972,39.25929774045025,1,70,100
9318,天津市东丽区博才里,"(117.51051323172715, 39.0514111932408)",117.51051323172715,39.0514111932408,1,70,100
9319,天津市西青区博文苑,"(117.24836208220854, 39.03415155921349)",117.24836208220854,39.03415155921349,0,50,100
9320,天津市宝坻区博智剑桥郡,"(117.33479299600381, 39.747988071190285)",117.33479299600381,39.747988071190285,1,70,100
9321,天津市蓟州区博智御园,"(117.46502941867097, 40.06886179606402)",117.46502941867097,40.06886179606402,1,70,100
9322,天津市南开区博朗园,"(117.17401795888055, 39.13307753194248)",117.17401795888055,39.13307753194248,1,75,100
9323,天津市河西区博林园,"(117.26569291075144, 39.052483750848246)",117.26569291075144,39.052483750848246,1,70,100
9324,天津市南开区博泰名居,"(117.18594359333937, 39.13190356810873)",117.18594359333937,39.13190356810873,1,70,100
9325,天津市南开区博泰大厦,"(117.18664759536756, 39.13258077392266)",117.18664759536756,39.13258077392266,1,75,100
9326,天津市武清区博盛园,"(117.06600282978317, 39.39602357047054)",117.06600282978317,39.39602357047054,1,70,100
9327,天津市开发区博美园,"(117.69641585023662, 39.038838658012466)",117.69641585023662,39.038838658012466,1,70,100
9328,天津市河西区博轩园,"(117.23189452526073, 39.108173011818515)",117.23189452526073,39.108173011818515,1,70,100
9329,天津市海河教育园区博雅时尚花园,"(117.38274822717904, 39.00522892991069)",117.38274822717904,39.00522892991069,1,70,100
9330,天津市海河教育园区博雅花园(咸水沽),"(117.37898271014231, 39.00721121785393)",117.37898271014231,39.00721121785393,1,70,100
9331,天津市南开区博雅轩人才公寓,"(117.15415840032708, 39.126685035959746)",117.15415840032708,39.126685035959746,1,70,100
9332,天津市西青区卡梅尔天淳园,"(0, 0)",0.0,0.0,0,0,0
9333,天津市西青区卡梅尔天澔园,"(0, 0)",0.0,0.0,0,0,0
9334,天津市海河教育园区卢浮广场,"(117.38014637509994, 39.009624569588226)",117.38014637509994,39.009624569588226,1,75,100
9335,天津市南开区卧龙东里,"(117.16197895826639, 39.12558611592258)",117.16197895826639,39.12558611592258,0,50,100
9336,天津市南开区卧龙北里,"(117.15849784475412, 39.12625743531767)",117.15849784475412,39.12625743531767,1,70,100
9337,天津市南开区卧龙南里,"(117.15835636163631, 39.124023527526404)",117.15835636163631,39.124023527526404,1,70,100
9338,天津市塘沽区卧龙园,"(117.67166133512869, 39.05009078727013)",117.67166133512869,39.05009078727013,1,70,100
9339,天津市滨海新区卫东楼,"(117.82042899199173, 39.26210221142042)",117.82042899199173,39.26210221142042,1,70,100
9340,天津市和平区卫华里,"(117.18823023001504, 39.10844485481583)",117.18823023001504,39.10844485481583,1,70,100
9341,天津市河东区卫国道,"(117.2640243980972, 39.150015915306334)",117.2640243980972,39.150015915306334,0,30,100
9342,天津市河东区卫国道74号,"(117.23984830190719, 39.14274122126911)",117.23984830190719,39.14274122126911,1,80,100
9343,天津市津南区卫国里,"(117.3881765975453, 39.00025680732846)",117.3881765975453,39.00025680732846,1,70,100
9344,天津市南开区卫安中里,"(117.1781180048892, 39.144974600443526)",117.1781180048892,39.144974600443526,0,50,100
9345,天津市南开区卫安北里,"(117.17732273502122, 39.14689109705612)",117.17732273502122,39.14689109705612,1,70,100
9346,天津市南开区卫安南里,"(117.17758261480526, 39.14411458373183)",117.17758261480526,39.14411458373183,1,70,100
9347,天津市南开区卫安西里,"(117.17450798453626, 39.14724512237415)",117.17450798453626,39.14724512237415,1,70,100
9348,天津市河西区卫星里,"(117.19447965161739, 39.10229789322784)",117.19447965161739,39.10229789322784,1,70,100
9349,天津市南开区卫津南路112号,"(117.19009160886225, 39.07737477277022)",117.19009160886225,39.07737477277022,1,80,100
9350,天津市和平区卫津路,"(117.186296986727, 39.117240057119545)",117.186296986727,39.117240057119545,0,30,100
9351,天津市和平区卫津路175/179号,"(117.18630821554588, 39.11106020480501)",117.18630821554588,39.11106020480501,1,80,99
9352,天津市蓟州区卫生局集资楼,"(0, 0)",0.0,0.0,0,0,0
9353,天津市宝坻区卫生楼,"(117.31111105767484, 39.7186985462303)",117.31111105767484,39.7186985462303,0,50,100
9354,天津市河北区印江北里,"(117.25668380479188, 39.16759446766742)",117.25668380479188,39.16759446766742,1,70,100
9355,天津市河北区印江南里,"(117.25673662515587, 39.166494163343124)",117.25673662515587,39.166494163343124,1,70,100
9356,天津市东丽区厚园,"(117.38314150533131, 39.17706864671564)",117.38314150533131,39.17706864671564,1,70,100
9357,天津市蓟州区厚泽园,"(117.4492989213941, 40.05151058135234)",117.4492989213941,40.05151058135234,1,70,100
9358,天津市和平区厚泽里,"(117.21185243102761, 39.11931434889063)",117.21185243102761,39.11931434889063,1,70,100
9359,天津市河北区原冰里,"(117.24418550057044, 39.17713968700912)",117.24418550057044,39.17713968700912,1,70,100
9360,天津市南开区原平里,"(117.13804387744467, 39.148421906138005)",117.13804387744467,39.148421906138005,1,70,100
9361,天津市宝坻区原筑,"(117.31772599978919, 39.69380307698485)",117.31772599978919,39.69380307698485,1,70,100
9362,天津市宝坻区原筑北区,"(117.31770048791272, 39.693173956825035)",117.31770048791272,39.693173956825035,1,70,100
9363,天津市宝坻区原筑南区,"(117.31717156562844, 39.69062160597697)",117.31717156562844,39.69062160597697,1,70,100
9364,天津市津南区友和园,"(117.43980868300338, 38.98976781207661)",117.43980868300338,38.98976781207661,1,70,100
9365,天津市东丽区友和里,"(117.26261603471868, 39.21244782039232)",117.26261603471868,39.21244782039232,1,70,100
9366,天津市河西区友城名居,"(117.21127329346533, 39.1054387752067)",117.21127329346533,39.1054387752067,1,70,100
9367,天津市和平区友好里,"(117.20548470258957, 39.11065035552378)",117.20548470258957,39.11065035552378,1,70,100
9368,天津市河东区友爱东道,"(117.2745108572985, 39.107994885491365)",117.2745108572985,39.107994885491365,0,30,100
9369,天津市河东区友爱东里,"(117.27331269740928, 39.1097129282402)",117.27331269740928,39.1097129282402,1,70,100
9370,天津市河东区友爱南里,"(117.26980436524006, 39.109358782662014)",117.26980436524006,39.109358782662014,1,70,100
9371,天津市河西区友谊东里,"(117.21950949736411, 39.08567700162819)",117.21950949736411,39.08567700162819,1,70,100
9372,天津市河西区友谊公寓,"(117.21522511906483, 39.09840815005975)",117.21522511906483,39.09840815005975,1,70,100
9373,天津市河西区友谊楼,"(117.21413736092279, 39.09947340779288)",117.21413736092279,39.09947340779288,0,50,100
9374,天津市河西区友谊花园,"(117.2169424995388, 39.085633593476864)",117.2169424995388,39.085633593476864,1,70,100
9375,天津市河西区友谊路,"(117.21153479019928, 39.093872328085986)",117.21153479019928,39.093872328085986,0,30,100
9376,天津市和平区友谊里,"(117.20382238824335, 39.1107827029502)",117.20382238824335,39.1107827029502,1,70,100
9377,天津市滨海新区双丰小区,"(117.43510398755599, 38.70171608447989)",117.43510398755599,38.70171608447989,1,70,100
9378,天津市北辰区双发温泉花园,"(117.14333633418727, 39.228460588717034)",117.14333633418727,39.228460588717034,1,70,100
9379,天津市北辰区双发金玺城,"(117.13996903598311, 39.22920952154752)",117.13996903598311,39.22920952154752,1,70,100
9380,天津市滨海新区双威悦馨苑,"(117.76912442872256, 39.13966036152074)",117.76912442872256,39.13966036152074,1,70,100
9381,天津市滨海新区双安里,"(117.46485397960488, 38.84486408133542)",117.46485397960488,38.84486408133542,1,70,100
9382,天津市河西区双山新苑,"(117.2724582292082, 39.06850368547932)",117.2724582292082,39.06850368547932,1,70,100
9383,天津市河西区双山里,"(117.2710506743046, 39.06867967142035)",117.2710506743046,39.06867967142035,1,70,100
9384,天津市南开区双峰道,"(117.18234632892468, 39.12341866327497)",117.18234632892468,39.12341866327497,0,30,100
9385,天津市南开区双峰里,"(117.18417959080944, 39.12386384499234)",117.18417959080944,39.12386384499234,1,70,100
9386,天津市蓟州区双柏里,"(0, 0)",0.0,0.0,0,0,0
9387,天津市蓟州区双柏里一段17号,"(0, 0)",0.0,0.0,0,0,0
9388,天津市津南区双港新盈庄园,"(117.3051299599283, 39.01312235239586)",117.3051299599283,39.01312235239586,1,70,100
9389,天津市北辰区双街新城,"(117.11028399142258, 39.26787310019228)",117.11028399142258,39.26787310019228,1,70,100
9390,天津市北辰区双街新家园,"(117.11457196294391, 39.268389075520055)",117.11457196294391,39.268389075520055,1,70,100
9391,天津市北辰区双街新邨,"(117.11274121631457, 39.27164049088629)",117.11274121631457,39.27164049088629,1,70,100
9392,天津市河东区双赢大厦,"(117.22243608688508, 39.14661044974688)",117.22243608688508,39.14661044974688,1,75,100
9393,天津市武清区双馨嘉园,"(116.83175098330182, 39.52531948883828)",116.83175098330182,39.52531948883828,1,70,100
9394,天津市北辰区发电楼,"(117.1437494648913, 39.23319356342864)",117.1437494648913,39.23319356342864,1,70,100
9395,天津市滨海新区古林里,"(117.4919181280095, 38.840753500419034)",117.4919181280095,38.840753500419034,1,70,100
9396,天津市河西区古海里,"(117.23931246267047, 39.09642543107324)",117.23931246267047,39.09642543107324,1,70,100
9397,天津市河东区古田路,"(117.23977949170512, 39.15033585992572)",117.23977949170512,39.15033585992572,0,30,100
9398,天津市河西区古芳里,"(117.25279557922248, 39.088648925674136)",117.25279557922248,39.088648925674136,1,70,100
9399,天津市河西区可园东里,"(117.21193597344003, 39.08379593369749)",117.21193597344003,39.08379593369749,1,70,100
9400,天津市河西区可园里,"(117.21059624060246, 39.082619881727126)",117.21059624060246,39.082619881727126,1,70,100
9401,天津市和平区台儿庄路,"(117.2227454633027, 39.128390864283666)",117.2227454633027,39.128390864283666,0,30,100
9402,天津市河西区台儿庄路49号,"(117.23343979039899, 39.116980915030496)",117.23343979039899,39.116980915030496,1,80,100
9403,天津市和平区台儿庄路（和平区）,"(117.2227454633027, 39.128390864283666)",117.2227454633027,39.128390864283666,0,30,100
9404,天津市河西区台儿庄路（河西区）,"(117.22881360685315, 39.122554812319116)",117.22881360685315,39.122554812319116,0,30,100
9405,天津市南开区台北花园,"(117.17271110402466, 39.1422583833661)",117.17271110402466,39.1422583833661,1,70,100
9406,天津市河西区台北路,"(117.23210472875006, 39.11387232475679)",117.23210472875006,39.11387232475679,0,30,100
9407,天津市武清区台头新苑,"(116.8603207815717, 39.64062283400497)",116.8603207815717,39.64062283400497,1,70,100
9408,天津市河西区台湾路,"(117.2331563750106, 39.115571747494734)",117.2331563750106,39.115571747494734,0,30,100
9409,天津市塘沽区史家庄,"(0, 0)",0.0,0.0,0,0,0
9410,天津市蓟州区司法楼,"(0, 0)",0.0,0.0,0,0,0
9411,天津市河西区司法警校宿舍,"(117.19514835023901, 39.07840842152571)",117.19514835023901,39.07840842152571,0,50,100
9412,天津市和平区合作里,"(117.20469087001042, 39.11191824896803)",117.20469087001042,39.11191824896803,1,70,100
9413,天津市静海区合恒香醍名邸,"(117.0982272043593, 38.98750718102895)",117.0982272043593,38.98750718102895,0,50,100
9414,天津市津南区合景御华园,"(117.29039038345947, 39.01518634510449)",117.29039038345947,39.01518634510449,1,70,100
9415,天津市塘沽区合景誉峰,"(117.6771542936611, 38.99679785052999)",117.6771542936611,38.99679785052999,1,70,100
9416,天津市河东区合汇大厦,"(117.25842490053131, 39.098791611112965)",117.25842490053131,39.098791611112965,1,75,100
9417,天津市开发区合生·君景广场,"(117.74528286150446, 39.031763224546175)",117.74528286150446,39.031763224546175,1,70,100
9418,天津市滨海新区合生君景湾,"(117.7436158759696, 39.03313715576228)",117.7436158759696,39.03313715576228,1,70,100
9419,天津市静海区合盛嘉园,"(117.14274102712581, 38.64574408596475)",117.14274102712581,38.64574408596475,1,70,100
9420,天津市河西区吉万里,"(117.22876249326964, 39.11386679594924)",117.22876249326964,39.11386679594924,1,70,100
9421,天津市河西区吉兴大厦,"(117.20175763302868, 39.078110554116705)",117.20175763302868,39.078110554116705,1,75,100
9422,天津市和平区吉利花园,"(117.19887901302197, 39.124562121007244)",117.19887901302197,39.124562121007244,1,70,100
9423,天津市塘沽区吉华里(塘沽),"(117.66764599932966, 39.03521807531583)",117.66764599932966,39.03521807531583,0,50,100
9424,天津市蓟州区吉华里(蓟州),"(117.40457696124095, 40.04862547089117)",117.40457696124095,40.04862547089117,1,70,100
9425,天津市和平区吉和里,"(117.19995428471739, 39.11165824730164)",117.19995428471739,39.11165824730164,1,70,100
9426,天津市塘沽区吉宁里,"(117.66943398661671, 39.038937162264055)",117.66943398661671,39.038937162264055,1,70,100
9427,天津市塘沽区吉安北里,"(117.67008247336436, 39.04557628186257)",117.67008247336436,39.04557628186257,1,70,100
9428,天津市南开区吉安里,"(117.17022270793144, 39.14091534609345)",117.17022270793144,39.14091534609345,0,50,100
9429,天津市塘沽区吉安里(塘沽区),"(117.39021997308882, 38.87234912604995)",117.39021997308882,38.87234912604995,1,70,100
9430,天津市滨海新区吉宝季景铭郡,"(117.7583499727748, 39.12530111460827)",117.7583499727748,39.12530111460827,1,70,100
9431,天津市滨海新区吉宝沁风御庭,"(117.77907594699266, 39.15976818118754)",117.77907594699266,39.15976818118754,1,70,100
9432,天津市滨海新区吉宝澜岸铭郡,"(117.75534064931637, 39.13464656442325)",117.75534064931637,39.13464656442325,1,70,100
9433,天津市塘沽区吉庆里,"(117.66634489362899, 39.03470429711703)",117.66634489362899,39.03470429711703,1,70,100
9434,天津市和平区吉星北里,"(117.19455403131361, 39.122745777131556)",117.19455403131361,39.122745777131556,1,70,100
9435,天津市和平区吉星南里,"(117.19493859590244, 39.12184126127623)",117.19493859590244,39.12184126127623,1,70,100
9436,天津市和平区吉林路(和平区),"(117.213971264234, 39.134976654256704)",117.213971264234,39.134976654256704,0,30,100
9437,天津市塘沽区吉林路(塘沽区),"(117.21357728450512, 39.13541862775826)",117.21357728450512,39.13541862775826,0,30,100
9438,天津市塘沽区吉林里,"(117.66627168172994, 39.03796458434959)",117.66627168172994,39.03796458434959,1,70,100
9439,天津市河北区吉泰花园,"(117.1919914351853, 39.177844911824444)",117.1919914351853,39.177844911824444,1,70,100
9440,天津市津南区吉畅园,"(117.29322615429336, 39.0265192107875)",117.29322615429336,39.0265192107875,1,70,100
9441,天津市塘沽区吉顺里,"(117.66652814795303, 39.03285268855898)",117.66652814795303,39.03285268855898,1,70,100
9442,天津市蓟州区同乐园,"(117.39763800032914, 40.025611015056036)",117.39763800032914,40.025611015056036,1,70,100
9443,天津市南开区同仁里,"(117.17982505484981, 39.13508355881109)",117.17982505484981,39.13508355881109,1,70,100
9444,天津市和平区同卫里（和平）,"(117.18831898259941, 39.109988194700406)",117.18831898259941,39.109988194700406,1,70,100
9445,天津市和平区同发里(和平区),"(117.1939538734024, 39.11248269071055)",117.1939538734024,39.11248269071055,1,70,100
9446,天津市津南区同发里(津南区),"(117.38762288202894, 39.001074361673204)",117.38762288202894,39.001074361673204,1,70,100
9447,天津市南开区同合里,"(117.18008556344772, 39.12771361785008)",117.18008556344772,39.12771361785008,1,70,100
9448,天津市河西区同善里,"(117.22750001470591, 39.1096731044495)",117.22750001470591,39.1096731044495,1,70,100
9449,天津市和平区同安北里,"(0, 0)",0.0,0.0,0,0,0
9450,天津市和平区同安南里,"(117.1877057992583, 39.109699140392564)",117.1877057992583,39.109699140392564,1,70,100
9451,天津市和平区同安新里,"(117.1877059789194, 39.11026010062784)",117.1877059789194,39.11026010062784,1,70,100
9452,天津市和平区同安道,"(117.19119499752016, 39.110158967143875)",117.19119499752016,39.110158967143875,0,30,100
9453,天津市南开区同安里(南开区),"(117.18097919776903, 39.12560675800551)",117.18097919776903,39.12560675800551,1,70,100
9454,天津市津南区同安里(津南区),"(117.3906260970099, 39.00231339784278)",117.3906260970099,39.00231339784278,1,70,100
9455,天津市和平区同庆后,"(117.19787336000353, 39.141231624671974)",117.19787336000353,39.141231624671974,1,70,100
9456,天津市和平区同康里,"(117.19783230744174, 39.11474230167094)",117.19783230744174,39.11474230167094,0,50,100
9457,天津市红桥区同德楼,"(117.15294541839695, 39.1870374235336)",117.15294541839695,39.1870374235336,1,70,100
9458,天津市红桥区同心楼,"(117.15474373619737, 39.18615925853911)",117.15474373619737,39.18615925853911,1,70,100
9459,天津市和平区同方花园,"(117.19636833895213, 39.135035004014135)",117.19636833895213,39.135035004014135,1,70,100
9460,天津市河西区同江里,"(117.26872801557802, 39.06432114050642)",117.26872801557802,39.06432114050642,1,70,100
9461,天津市武清区同泽园(武清区),"(117.06507901239671, 39.388524810502616)",117.06507901239671,39.388524810502616,0,50,100
9462,天津市津南区同泽园(津南区),"(117.38751257011232, 38.99834232037609)",117.38751257011232,38.99834232037609,1,80,100
9463,天津市滨海新区同盛里东区,"(117.48290902204992, 38.72602408600783)",117.48290902204992,38.72602408600783,1,70,100
9464,天津市滨海新区同盛里西区,"(117.48053596838422, 38.72398911981964)",117.48053596838422,38.72398911981964,1,70,100
9465,天津市武清区名仕佳苑,"(116.91120053616521, 39.188107552006095)",116.91120053616521,39.188107552006095,1,70,100
9466,天津市河西区名仕达花园,"(117.23659338172233, 39.1041688043957)",117.23659338172233,39.1041688043957,1,70,100
9467,天津市东丽区名居花园,"(117.41141899498825, 39.15597095367514)",117.41141899498825,39.15597095367514,1,70,100
9468,天津市红桥区名景花园,"(117.12454450156294, 39.16057911833013)",117.12454450156294,39.16057911833013,1,70,100
9469,天津市河西区名都公寓,"(117.23680008182018, 39.078293728019034)",117.23680008182018,39.078293728019034,1,70,100
9470,天津市河西区名都新园,"(117.24075244640296, 39.0687498415767)",117.24075244640296,39.0687498415767,1,70,100
9471,天津市静海区名门世家,"(116.95906800289211, 38.945854986364594)",116.95906800289211,38.945854986364594,1,70,100
9472,天津市滨海新区后坨里,"(117.81028712278409, 39.26065504952456)",117.81028712278409,39.26065504952456,1,70,100
9473,天津市河西区向荣里,"(117.2055809111097, 39.10186874342699)",117.2055809111097,39.10186874342699,0,50,100
9474,天津市塘沽区向阳南街,"(117.67178646908624, 39.030843098075756)",117.67178646908624,39.030843098075756,0,30,100
9475,天津市南开区向阳小区,"(117.1405041565754, 39.15074911372643)",117.1405041565754,39.15074911372643,1,70,100
9476,天津市河东区向阳花园,"(117.25210415347146, 39.140057028350476)",117.25210415347146,39.140057028350476,1,70,100
9477,天津市南开区向阳路,"(117.13959659851868, 39.14188201653033)",117.13959659851868,39.14188201653033,0,30,100
9478,天津市南开区向阳路楼,"(117.13959659851868, 39.14188201653033)",117.13959659851868,39.14188201653033,0,30,100
9479,天津市塘沽区向阳里(塘沽),"(117.65975941593534, 39.02571393545223)",117.65975941593534,39.02571393545223,1,70,100
9480,天津市红桥区向阳里(红桥),"(0, 0)",0.0,0.0,0,0,0
9481,天津市河北区君临大厦,"(0, 0)",0.0,0.0,0,0,0
9482,天津市武清区君利商厦,"(117.07564730722996, 39.3796251042949)",117.07564730722996,39.3796251042949,0,50,100
9483,天津市武清区君利新家园,"(117.09079597202802, 39.318883114843324)",117.09079597202802,39.318883114843324,1,70,100
9484,天津市武清区君利花园,"(117.09011200221273, 39.32185913340894)",117.09011200221273,39.32185913340894,1,70,100
9485,天津市河西区君山里,"(117.27253701060143, 39.062137080844856)",117.27253701060143,39.062137080844856,1,70,100
9486,天津市津南区君悦府,"(117.40887086157865, 38.995915401249086)",117.40887086157865,38.995915401249086,1,70,100
9487,天津市西青区君悦花苑,"(117.04832911802711, 39.05482613098544)",117.04832911802711,39.05482613098544,1,70,100
9488,天津市津南区君汇名邸,"(117.39183467724301, 38.99162932161059)",117.39183467724301,38.99162932161059,0,50,100
9489,天津市武清区君湖园,"(117.1240806165976, 39.34167881179018)",117.1240806165976,39.34167881179018,1,70,100
9490,天津市和平区君隆广场,"(117.21068858640889, 39.12281820227204)",117.21068858640889,39.12281820227204,0,50,100
9491,天津市滨海新区听涛苑,"(117.71571396784637, 38.96604908655697)",117.71571396784637,38.96604908655697,1,70,100
9492,天津市南开区启航精英公寓,"(117.19606498118141, 39.14278963079648)",117.19606498118141,39.14278963079648,1,75,100
9493,天津市西青区启运里,"(117.03322617697951, 39.12345924896243)",117.03322617697951,39.12345924896243,1,70,100
9494,天津市东丽区吴咀村工农友谊大街一炼平房,"(0, 0)",0.0,0.0,0,0,0
9495,天津市和平区吴家窑二号路,"(117.19542484867499, 39.11041729466613)",117.19542484867499,39.11041729466613,0,30,100
9496,天津市河西区吴家窑大街,"(117.19340554771911, 39.10641811525079)",117.19340554771911,39.10641811525079,0,30,100
9497,天津市津南区吾悦华府,"(117.38273205767986, 38.98288585563038)",117.38273205767986,38.98288585563038,1,70,100
9498,天津市塘沽区吾悦华邸,"(117.64451472227827, 39.080314980985)",117.64451472227827,39.080314980985,1,70,100
9499,天津市宝坻区周良水苑小区,"(117.3846617975764, 39.567622515296605)",117.3846617975764,39.567622515296605,1,70,100
9500,天津市塘沽区和丽苑,"(117.70532488496237, 38.98228159442985)",117.70532488496237,38.98228159442985,1,70,100
9501,天津市和平区和安里,"(117.2137377048014, 39.12019664427317)",117.2137377048014,39.12019664427317,1,70,100
9502,天津市红桥区和富里,"(117.15782654104652, 39.183204345412065)",117.15782654104652,39.183204345412065,1,70,100
9503,天津市蓟州区和山正院,"(117.39819063787887, 40.040923438842555)",117.39819063787887,40.040923438842555,1,70,100
9504,天津市河西区和平公寓,"(117.21260763646984, 39.10682434976285)",117.21260763646984,39.10682434976285,1,70,100
9505,天津市塘沽区和平北路,"(117.67665967856257, 39.0310008667807)",117.67665967856257,39.0310008667807,0,30,100
9506,天津市和平区和平区营口道90号,"(117.2089077855659, 39.12788378721716)",117.2089077855659,39.12788378721716,0,80,99
9507,天津市和平区和平区西安道民志里7号,"(117.20768123922257, 39.121474231349985)",117.20768123922257,39.121474231349985,1,75,100
9508,天津市和平区和平区解放北路99号,"(117.21681511981748, 39.13430443914705)",117.21681511981748,39.13430443914705,1,80,100
9509,天津市和平区和平园,"(117.19370648006495, 39.135182487356374)",117.19370648006495,39.135182487356374,1,70,100
9510,天津市河北区和平新村,"(0, 0)",0.0,0.0,0,0,0
9511,天津市河东区和平村大街9号,"(117.22494810841317, 39.151984383859165)",117.22494810841317,39.151984383859165,1,80,100
9512,天津市西青区和平楼,"(117.01033843055188, 39.14694635898058)",117.01033843055188,39.14694635898058,1,70,100
9513,天津市和平区和平翰林公馆,"(117.20357265931159, 39.12658308657609)",117.20357265931159,39.12658308657609,0,50,100
9514,天津市和平区和平路（劝业场）,"(117.20709033385812, 39.13253599556137)",117.20709033385812,39.13253599556137,1,75,100
9515,天津市塘沽区和平里(塘沽区),"(0, 0)",0.0,0.0,0,0,0
9516,天津市武清区和平里小区北区,"(117.05599965894628, 39.37942173639293)",117.05599965894628,39.37942173639293,1,70,100
9517,天津市武清区和平里小区南区,"(117.05595797757061, 39.3775052242805)",117.05595797757061,39.3775052242805,1,70,100
9518,天津市河东区和悦家园,"(117.27737681119753, 39.1140050160068)",117.27737681119753,39.1140050160068,1,70,100
9519,天津市武清区和悦花园,"(117.03736017893642, 39.376412490932026)",117.03736017893642,39.376412490932026,1,70,100
9520,天津市北辰区和春里,"(117.14564632680617, 39.20152341701585)",117.14564632680617,39.20152341701585,1,70,100
9521,天津市津南区和枫园,"(117.45856709866275, 38.934368626296425)",117.45856709866275,38.934368626296425,1,70,100
9522,天津市东丽区和泓四季恋城,"(117.32728738397631, 39.117718379245794)",117.32728738397631,39.117718379245794,1,70,100
9523,天津市西青区和瑞园,"(117.1798829955552, 39.063629826633694)",117.1798829955552,39.063629826633694,1,70,100
9524,天津市和平区和畅园(和平),"(117.18769969078083, 39.1175195627947)",117.18769969078083,39.1175195627947,1,70,100
9525,天津市滨海新区和畅园(滨海新区),"(117.75355778237072, 39.117904178691475)",117.75355778237072,39.117904178691475,1,70,100
9526,天津市河东区和盛公寓,"(117.26392863872984, 39.116827164868084)",117.26392863872984,39.116827164868084,1,70,100
9527,天津市塘沽区和盛苑,"(117.70753184193929, 38.98647906199593)",117.70753184193929,38.98647906199593,1,70,100
9528,天津市河东区和睦北道,"(117.26976403132267, 39.11572983936774)",117.26976403132267,39.11572983936774,0,30,100
9529,天津市河东区和睦北里,"(117.27083175725183, 39.11495092375852)",117.27083175725183,39.11495092375852,1,70,100
9530,天津市塘沽区和睦园,"(117.67944084050622, 38.98683551195266)",117.67944084050622,38.98683551195266,1,70,100
9531,天津市河东区和睦西里,"(117.2674722743056, 39.11475314919503)",117.2674722743056,39.11475314919503,1,70,100
9532,天津市塘沽区和睦里,"(117.73321268968908, 39.00665412777369)",117.73321268968908,39.00665412777369,1,70,100
9533,天津市塘沽区和美苑,"(117.7078394217459, 38.98463830991324)",117.7078394217459,38.98463830991324,1,70,100
9534,天津市红桥区和苑全和园,"(117.11473581386893, 39.16438127023958)",117.11473581386893,39.16438127023958,1,70,100
9535,天津市红桥区和苑家园国和园,"(117.11917613800476, 39.16806880858545)",117.11917613800476,39.16806880858545,1,70,100
9536,天津市红桥区和苑家园尊和园,"(117.1244738049193, 39.16637723663159)",117.1244738049193,39.16637723663159,1,70,100
9537,天津市红桥区和苑家园尚和园,"(117.12405600302661, 39.16410314096212)",117.12405600302661,39.16410314096212,1,70,100
9538,天津市红桥区和苑家园绵和园,"(117.11921395666671, 39.16444365160998)",117.11921395666671,39.16444365160998,1,70,100
9539,天津市红桥区和苑家园雅和园,"(117.12189198505307, 39.1653171248061)",117.12189198505307,39.1653171248061,1,70,100
9540,天津市红桥区和苑康和园,"(117.11717022180098, 39.1646058289252)",117.11717022180098,39.1646058289252,1,70,100
9541,天津市塘沽区和荣苑,"(117.7078117539362, 38.988349071982306)",117.7078117539362,38.988349071982306,1,70,100
9542,天津市塘沽区和谐园,"(117.67690761896807, 38.98879553370793)",117.67690761896807,38.98879553370793,1,70,100
9543,天津市河东区和进里,"(117.25928314161555, 39.11638298805641)",117.25928314161555,39.11638298805641,1,70,100
9544,天津市宝坻区和远领居,"(117.34946277413452, 39.738078400615464)",117.34946277413452,39.738078400615464,1,70,100
9545,天津市河东区和静家园,"(117.26621033472519, 39.11917830870023)",117.26621033472519,39.11917830870023,1,70,100
9546,天津市东丽区和顺家园一区,"(117.48703440027396, 39.08785290572217)",117.48703440027396,39.08785290572217,1,70,100
9547,天津市东丽区和顺家园七区,"(117.49132147348978, 39.08410574942142)",117.49132147348978,39.08410574942142,1,70,100
9548,天津市东丽区和顺家园三区,"(117.49292027763641, 39.08743892976089)",117.49292027763641,39.08743892976089,1,70,100
9549,天津市东丽区和顺家园二区,"(117.48971674052675, 39.08733377261549)",117.48971674052675,39.08733377261549,1,70,100
9550,天津市东丽区和顺家园五区,"(117.48605363031817, 39.084452041260086)",117.48605363031817,39.084452041260086,1,70,100
9551,天津市东丽区和顺家园六区,"(117.48957938961428, 39.08431432289546)",117.48957938961428,39.08431432289546,1,70,100
9552,天津市东丽区和顺家园四区,"(117.48650808307566, 39.08617017234665)",117.48650808307566,39.08617017234665,1,70,100
9553,天津市武清区和骏新家园,"(116.84736784493168, 39.45675671326106)",116.84736784493168,39.45675671326106,1,70,100
9554,天津市南开区咸阳北里,"(117.1467925646369, 39.13173914582851)",117.1467925646369,39.13173914582851,1,70,100
9555,天津市南开区咸阳南里,"(117.14670587815519, 39.12937170195741)",117.14670587815519,39.12937170195741,1,70,100
9556,天津市南开区咸阳路58号内,"(117.14494043833643, 39.1454697313376)",117.14494043833643,39.1454697313376,1,80,100
9557,天津市滨海新区咸阳里,"(117.81694698017397, 39.25654414092841)",117.81694698017397,39.25654414092841,1,70,100
9558,天津市河西区品水园,"(117.22522218142426, 39.10694606567416)",117.22522218142426,39.10694606567416,1,70,100
9559,天津市武清区品澜花苑,"(117.05444496160015, 39.356037139078595)",117.05444496160015,39.356037139078595,0,50,100
9560,天津市武清区哈兰庄园,"(116.96364298302386, 39.48863508747178)",116.96364298302386,39.48863508747178,1,70,100
9561,天津市和平区哈密道,"(117.20053333244914, 39.13019614631318)",117.20053333244914,39.13019614631318,0,30,100
9562,天津市和平区哈尔滨道,"(117.20922533656368, 39.132510457889346)",117.20922533656368,39.132510457889346,0,30,100
9563,天津市和平区哈尔滨道77号,"(117.21196283277479, 39.1345307737454)",117.21196283277479,39.1345307737454,1,80,100
9564,天津市塘沽区响螺湾融创滨海中心,"(117.67528743515027, 39.00319765925993)",117.67528743515027,39.00319765925993,1,75,100
9565,天津市河东区唐口新村九段,"(117.24925059618846, 39.13322089145215)",117.24925059618846,39.13322089145215,0,30,100
9566,天津市河东区唐口新村八段,"(117.24985174223575, 39.13294550659938)",117.24985174223575,39.13294550659938,0,30,100
9567,天津市河东区唐口新村六段,"(117.24984778969149, 39.133797474971225)",117.24984778969149,39.133797474971225,0,30,100
9568,天津市河东区唐家口南里,"(117.24712304941863, 39.13176335440981)",117.24712304941863,39.13176335440981,1,70,100
9569,天津市和平区唐山道,"(117.21227346682014, 39.12832173353006)",117.21227346682014,39.12832173353006,0,30,100
9570,天津市和平区唐山道63号,"(117.21481369514125, 39.12924995512773)",117.21481369514125,39.12924995512773,1,80,100
9571,天津市塘沽区唐山里,"(117.65615936677357, 39.04488940651506)",117.65615936677357,39.04488940651506,1,70,100
9572,天津市塘沽区唐望府,"(117.63095255484139, 39.0408562160476)",117.63095255484139,39.0408562160476,0,50,100
9573,天津市蓟州区商业住宅小区,"(117.41197702237106, 40.0496100398902)",117.41197702237106,40.0496100398902,1,70,100
9574,天津市武清区商业公寓,"(117.06719173712564, 39.39022645857064)",117.06719173712564,39.39022645857064,1,70,100
9575,天津市蓟州区商业局家属楼,"(117.41580389367411, 40.04604782193931)",117.41580389367411,40.04604782193931,1,70,57
9576,天津市红桥区商苑公寓,"(117.14431422956544, 39.15791379584807)",117.14431422956544,39.15791379584807,1,70,100
9577,天津市津南区善和园,"(117.2965645270601, 39.02789948109084)",117.2965645270601,39.02789948109084,1,70,100
9578,天津市河北区善安里,"(117.20748262387433, 39.14584922671424)",117.20748262387433,39.14584922671424,1,70,100
9579,天津市和平区善德里,"(0, 0)",0.0,0.0,0,0,0
9580,天津市北辰区喜凤花园,"(117.22104542012508, 39.32334388518965)",117.22104542012508,39.32334388518965,1,70,100
9581,天津市河北区喜峰嘉园,"(117.19078806512414, 39.18839900833551)",117.19078806512414,39.18839900833551,0,50,100
9582,天津市河西区喜年广场,"(117.2389050811217, 39.05009274863432)",117.2389050811217,39.05009274863432,1,70,100
9583,天津市河东区喜悦购物广场,"(117.27884437290916, 39.15514114816704)",117.27884437290916,39.15514114816704,1,75,100
9584,天津市宝坻区嘉兴园,"(117.30746663222084, 39.69786699149024)",117.30746663222084,39.69786699149024,1,70,100
9585,天津市和平区嘉利中心,"(117.1869994616358, 39.124371091184514)",117.1869994616358,39.124371091184514,1,70,100
9586,天津市河东区嘉华园（河东区）,"(117.27024929595916, 39.133434425910764)",117.27024929595916,39.133434425910764,1,70,100
9587,天津市蓟州区嘉华帕醍欧,"(117.44273033184403, 40.06849758125466)",117.44273033184403,40.06849758125466,1,70,100
9588,天津市河东区嘉华新苑,"(117.2464397084172, 39.13533948541072)",117.2464397084172,39.13533948541072,1,70,100
9589,天津市河东区嘉华里,"(117.25149555148846, 39.13445101449613)",117.25149555148846,39.13445101449613,1,70,100
9590,天津市东丽区嘉和里,"(117.26175797329554, 39.21041375575728)",117.26175797329554,39.21041375575728,1,70,100
9591,天津市塘沽区嘉安园,"(117.66375992969348, 39.065248601127315)",117.66375992969348,39.065248601127315,1,70,100
9592,天津市武清区嘉峰大厦,"(117.04414265502842, 39.389753422590644)",117.04414265502842,39.389753422590644,1,75,100
9593,天津市武清区嘉平8090,"(0, 0)",0.0,0.0,0,0,0
9594,天津市开发区嘉德园,"(117.69214458719777, 39.03917620614526)",117.69214458719777,39.03917620614526,1,70,100
9595,天津市东丽区嘉春园,"(117.30568349578353, 39.112281059905825)",117.30568349578353,39.112281059905825,1,70,100
9596,天津市西青区嘉汇园,"(117.11466359010593, 39.154386383088905)",117.11466359010593,39.154386383088905,1,70,100
9597,天津市南开区嘉泰花园,"(117.16041869142612, 39.102665093853446)",117.16041869142612,39.102665093853446,1,70,100
9598,天津市河北区嘉海花园,"(117.20748855269069, 39.15283136364044)",117.20748855269069,39.15283136364044,1,70,100
9599,天津市河北区嘉畅园,"(117.24866175692667, 39.18491382668934)",117.24866175692667,39.18491382668934,1,70,100
9600,天津市河东区嘉祥里,"(117.22648250405476, 39.13284489570402)",117.22648250405476,39.13284489570402,1,70,100
9601,天津市东丽区嘉祥里(东丽区),"(117.32311691081568, 39.092996841026896)",117.32311691081568,39.092996841026896,0,50,100
9602,天津市河东区嘉禧园,"(117.25168581259547, 39.13316603845831)",117.25168581259547,39.13316603845831,1,70,100
9603,天津市塘沽区嘉誉新城,"(117.6827270217228, 39.03997312995866)",117.6827270217228,39.03997312995866,1,70,100
9604,天津市南开区嘉陵东里,"(117.14677226293237, 39.13337327620131)",117.14677226293237,39.13337327620131,1,70,100
9605,天津市南开区嘉陵北里,"(117.14401832773044, 39.13339930331532)",117.14401832773044,39.13339930331532,1,70,100
9606,天津市南开区嘉陵南里,"(117.1435555207317, 39.1321584568615)",117.1435555207317,39.1321584568615,1,70,100
9607,天津市滨海新区四化里,"(117.4592110040523, 38.84725308093285)",117.4592110040523,38.84725308093285,1,80,100
9608,天津市河西区四化里(河西),"(117.21040579983435, 39.106831558934296)",117.21040579983435,39.106831558934296,1,70,100
9609,天津市和平区四季汇,"(117.20434196815035, 39.125607037898135)",117.20434196815035,39.125607037898135,1,75,100
9610,天津市滨海新区四季花苑,"(117.82460943634352, 39.24264248053645)",117.82460943634352,39.24264248053645,1,70,100
9611,天津市滨海新区四季花苑二期绿地景城,"(117.82430598874227, 39.24163808667535)",117.82430598874227,39.24163808667535,0,50,100
9612,天津市塘沽区四季雅苑,"(117.64799161375463, 39.03884685502874)",117.64799161375463,39.03884685502874,1,70,100
9613,天津市塘沽区四季风情（贻港新城）,"(117.63877212464463, 39.03752915483963)",117.63877212464463,39.03752915483963,0,50,100
9614,天津市河西区四季馨园,"(117.26597812275087, 39.07171856300724)",117.26597812275087,39.07171856300724,1,70,100
9615,天津市和平区四宜里,"(117.19986472365807, 39.1315402993028)",117.19986472365807,39.1315402993028,1,70,100
9616,天津市和平区四平东道,"(117.20027003910415, 39.13136748008211)",117.20027003910415,39.13136748008211,0,30,100
9617,天津市和平区四平东道112号,"(117.19760800055589, 39.12826372801701)",117.19760800055589,39.12826372801701,1,80,100
9618,天津市和平区四平西道,"(117.1925630269813, 39.12206070856289)",117.1925630269813,39.12206070856289,0,30,100
9619,天津市和平区四平道,"(0, 0)",0.0,0.0,0,0,0
9620,天津市和平区四平里(和平),"(117.19986472365807, 39.1315402993028)",117.19986472365807,39.1315402993028,1,70,100
9621,天津市滨海新区四平里(滨海新区),"(117.80377027563141, 39.254151108956165)",117.80377027563141,39.254151108956165,1,70,100
9622,天津市和平区四庆楼,"(117.20065882572887, 39.12858720084852)",117.20065882572887,39.12858720084852,1,70,100
9623,天津市和平区四德里,"(0, 0)",0.0,0.0,0,0,0
9624,天津市河西区四新里,"(117.2207461945597, 39.10106062431368)",117.2207461945597,39.10106062431368,1,70,100
9625,天津市红桥区四构件社区,"(117.12688144334714, 39.16058485325524)",117.12688144334714,39.16058485325524,1,70,100
9626,天津市红桥区四段大楼,"(117.16647497734382, 39.185030932068756)",117.16647497734382,39.185030932068756,1,70,100
9627,天津市和平区四箴北里,"(117.19023363096338, 39.12969118142225)",117.19023363096338,39.12969118142225,1,70,100
9628,天津市和平区四达里,"(117.19810126011141, 39.11421000109778)",117.19810126011141,39.11421000109778,1,70,100
9629,天津市河北区四马路8号院,"(117.20520847364526, 39.169079788041344)",117.20520847364526,39.169079788041344,1,80,100
9630,天津市和平区团圆里,"(117.20478591073338, 39.110048245057996)",117.20478591073338,39.110048245057996,1,70,100
9631,天津市静海区团泊湖庭院,"(117.1619442836737, 38.91457895150668)",117.1619442836737,38.91457895150668,1,70,100
9632,天津市河东区团结东里,"(117.25482943272763, 39.151159707073646)",117.25482943272763,39.151159707073646,1,70,100
9633,天津市河东区团结北里,"(117.27366779757737, 39.11408115939517)",117.27366779757737,39.11408115939517,1,70,100
9634,天津市武清区团结西里,"(117.0793469784728, 39.377922707591914)",117.0793469784728,39.377922707591914,1,70,100
9635,天津市滨海新区团结里,"(117.73224916719909, 39.00565734043612)",117.73224916719909,39.00565734043612,1,70,100
9636,天津市塘沽区团结里(塘沽区),"(117.73224916719909, 39.00565734043612)",117.73224916719909,39.00565734043612,1,70,100
9637,天津市河北区团结里(河北区),"(117.19961194048754, 39.16271926173372)",117.19961194048754,39.16271926173372,1,70,100
9638,天津市河西区园丁公寓,"(117.29179407564936, 39.07120834376049)",117.29179407564936,39.07120834376049,1,70,100
9639,天津市南开区园川里,"(117.13247402396061, 39.1319902569764)",117.13247402396061,39.1319902569764,1,70,100
9640,天津市河东区园林花园,"(117.27761108927453, 39.10467269383323)",117.27761108927453,39.10467269383323,1,70,100
9641,天津市南开区园荫北里,"(117.15068824614202, 39.09775315339775)",117.15068824614202,39.09775315339775,1,70,100
9642,天津市南开区园荫里,"(117.15212068410824, 39.09645581209467)",117.15212068410824,39.09645581209467,1,70,100
9643,天津市西青区囯耀·紫溪别墅,"(117.02288102123495, 39.12783970555412)",117.02288102123495,39.12783970555412,1,70,100
9644,天津市河西区围堤道,"(117.2160330550405, 39.103387940079784)",117.2160330550405,39.103387940079784,0,30,100
9645,天津市河西区围堤道200号,"(117.20672598114326, 39.105595140167736)",117.20672598114326,39.105595140167736,1,80,100
9646,天津市滨海新区国兰花苑,"(117.78983207750804, 39.24750259753139)",117.78983207750804,39.24750259753139,1,70,100
9647,天津市西青区国兴佳园,"(117.12458169141105, 39.05049945032381)",117.12458169141105,39.05049945032381,1,70,100
9648,天津市河西区国华大厦,"(117.23074065183316, 39.100581068227065)",117.23074065183316,39.100581068227065,1,75,100
9649,天津市北辰区国宜北里,"(117.20664522347792, 39.19742488239854)",117.20664522347792,39.19742488239854,1,70,100
9650,天津市北辰区国宜里,"(117.20800948005592, 39.19669483074767)",117.20800948005592,39.19669483074767,1,70,100
9651,天津市河东区国强里（河东区）,"(117.26208639378999, 39.11363801490905)",117.26208639378999,39.11363801490905,0,50,100
9652,天津市蓟州区国税局家属楼,"(117.42279783088313, 40.047401660847186)",117.42279783088313,40.047401660847186,0,50,100
9653,天津市西青区国耀·紫溪悦庭,"(117.02041301667684, 39.130608119953806)",117.02041301667684,39.130608119953806,1,70,100
9654,天津市北辰区国耀上河城,"(117.11047586947952, 39.27120958915849)",117.11047586947952,39.27120958915849,1,75,100
9655,天津市武清区国际城郁金花苑,"(116.96020741360095, 39.627490220625276)",116.96020741360095,39.627490220625276,0,50,100
9656,天津市河西区国风园,"(117.19663666280795, 39.075974820265984)",117.19663666280795,39.075974820265984,1,70,100
9657,天津市西青区国风星苑,"(117.20274774536178, 39.06850389557024)",117.20274774536178,39.06850389557024,0,50,100
9658,天津市西青区国风星苑一期,"(117.20273633688181, 39.07016961663766)",117.20273633688181,39.07016961663766,1,70,100
9659,天津市西青区国风星苑二期,"(117.20337323548837, 39.06785688257333)",117.20337323548837,39.06785688257333,1,70,100
9660,天津市蓟州区圣世宫,"(117.46502277121022, 40.07309011936738)",117.46502277121022,40.07309011936738,1,70,100
9661,天津市河西区圣德园,"(117.2184473409291, 39.107731229697855)",117.2184473409291,39.107731229697855,1,70,100
9662,天津市静海区圣水湖畔,"(117.08685636338348, 38.86345850122326)",117.08685636338348,38.86345850122326,1,70,100
9663,天津市宝坻区圣缇湾,"(117.36304524327593, 39.74045871955984)",117.36304524327593,39.74045871955984,0,50,100
9664,天津市河北区圣贤里,"(117.21793521695787, 39.19239328440595)",117.21793521695787,39.19239328440595,1,70,100
9665,天津市西青区地丰里,"(117.0426825492525, 39.071550847922616)",117.0426825492525,39.071550847922616,1,70,100
9666,天津市南开区地华里,"(117.1331046344286, 39.08995950343529)",117.1331046344286,39.08995950343529,1,70,100
9667,天津市河东区地毯厂路,"(117.29653919484471, 39.10364986237392)",117.29653919484471,39.10364986237392,0,30,100
9668,天津市河东区地毯厂路18号,"(117.29673233052937, 39.10515845129234)",117.29673233052937,39.10515845129234,1,80,100
9669,天津市河西区地毯楼,"(117.20881436179286, 39.10413933665543)",117.20881436179286,39.10413933665543,1,75,100
9670,天津市河东区地毯路,"(117.25666808444545, 39.124244297475336)",117.25666808444545,39.124244297475336,0,30,100
9671,天津市南开区地环里,"(117.15638799460284, 39.125169634356446)",117.15638799460284,39.125169634356446,1,70,100
9672,天津市滨海新区地球村,"(117.46125824230954, 38.86741444518689)",117.46125824230954,38.86741444518689,1,70,100
9673,天津市武清区地税公寓,"(117.08592616802788, 39.39799219314822)",117.08592616802788,39.39799219314822,1,70,100
9674,天津市蓟州区地税小区,"(0, 0)",0.0,0.0,0,0,0
9675,天津市河北区地纬路大楼,"(117.20001545932263, 39.160359652183615)",117.20001545932263,39.160359652183615,0,30,100
9676,天津市河东区地质楼,"(117.27375601117845, 39.154575092609655)",117.27375601117845,39.154575092609655,1,70,100
9677,天津市东丽区坤园,"(117.38580543032114, 39.184398700511636)",117.38580543032114,39.184398700511636,1,70,100
9678,天津市滨海新区坨北里,"(117.81285178501507, 39.25908899115731)",117.81285178501507,39.25908899115731,1,70,100
9679,天津市滨海新区坨南里,"(117.81742011768607, 39.252084666619055)",117.81742011768607,39.252084666619055,1,70,100
9680,天津市河北区垣焕里,"(117.23965408825592, 39.161574470468146)",117.23965408825592,39.161574470468146,1,70,100
9681,天津市蓟州区城兴里,"(117.41498670515168, 40.0402335804259)",117.41498670515168,40.0402335804259,1,70,100
9682,天津市南开区城南家园,"(117.18159543534888, 39.14160638599945)",117.18159543534888,39.14160638599945,1,70,100
9683,天津市南开区城厢公馆,"(117.18468524698099, 39.147873213852435)",117.18468524698099,39.147873213852435,0,50,100
9684,天津市南开区城厢嘉园,"(117.1910550415217, 39.14902809277956)",117.1910550415217,39.14902809277956,1,70,100
9685,天津市河北区城垣里,"(117.2404086648843, 39.16377325875995)",117.2404086648843,39.16377325875995,1,70,100
9686,天津市河东区城市之光星光园,"(117.2198904687309, 39.14705114666152)",117.2198904687309,39.14705114666152,1,70,100
9687,天津市河东区城市之光月光园,"(117.21884079874249, 39.14521055404701)",117.21884079874249,39.14521055404701,0,50,100
9688,天津市河东区城市之星大厦,"(117.22015744512846, 39.14950318945433)",117.22015744512846,39.14950318945433,1,75,100
9689,天津市海河教育园区城市亮点花园,"(117.3787160032364, 38.99717401675059)",117.3787160032364,38.99717401675059,1,70,100
9690,天津市河西区城市别墅,"(117.23338508359343, 39.07942833121796)",117.23338508359343,39.07942833121796,1,70,100
9691,天津市塘沽区城市名居,"(117.6640317569408, 39.04816925441766)",117.6640317569408,39.04816925441766,1,70,100
9692,天津市河东区城市星座大厦,"(0, 0)",0.0,0.0,0,0,0
9693,天津市宝坻区城市艺墅,"(117.33145138933725, 39.71997427956324)",117.33145138933725,39.71997427956324,1,70,100
9694,天津市和平区城建里,"(117.19283215931209, 39.13407012784274)",117.19283215931209,39.13407012784274,0,50,100
9695,天津市武清区城投悦和里,"(116.98808228272831, 39.42002608499199)",116.98808228272831,39.42002608499199,1,70,100
9696,天津市武清区城投春熙里,"(116.99174224886764, 39.414716395736775)",116.99174224886764,39.414716395736775,1,70,100
9697,天津市武清区城投熙和园,"(117.02834972551861, 39.400509138268944)",117.02834972551861,39.400509138268944,1,70,100
9698,天津市武清区城锦园,"(116.88097462185713, 39.526320123394186)",116.88097462185713,39.526320123394186,1,70,100
9699,天津市北辰区城际美景家园,"(117.12265114303955, 39.283210645165354)",117.12265114303955,39.283210645165354,1,70,100
9700,天津市静海区基业世琾,"(117.09667502226863, 38.968398211610875)",117.09667502226863,38.968398211610875,1,70,100
9701,天津市南开区堤东里,"(117.1552290906644, 39.102729210272756)",117.1552290906644,39.102729210272756,1,70,100
9702,天津市南开区堤中里,"(117.15076612922974, 39.10364727255379)",117.15076612922974,39.10364727255379,1,70,100
9703,天津市南开区堤北里,"(117.14849494340886, 39.10323716982683)",117.14849494340886,39.10323716982683,1,70,100
9704,天津市南开区堤南里,"(117.14866301636978, 39.100354413658465)",117.14866301636978,39.100354413658465,1,70,100
9705,天津市塘沽区堰宾园,"(117.65844717124637, 39.062488243854915)",117.65844717124637,39.062488243854915,1,70,100
9706,天津市塘沽区堰宾里,"(117.65965458368233, 39.06123815434599)",117.65965458368233,39.06123815434599,1,70,100
9707,天津市宝坻区塞纳世家,"(117.30645801479425, 39.71148311856618)",117.30645801479425,39.71148311856618,1,70,100
9708,天津市南开区塞纳公馆,"(117.15482611081264, 39.107324160557745)",117.15482611081264,39.107324160557745,1,70,100
9709,天津市西青区境界梅江,"(117.2067251726683, 39.046654112664065)",117.2067251726683,39.046654112664065,1,70,57
9710,天津市河北区墙子大街土产楼,"(117.22399599440314, 39.15594213726352)",117.22399599440314,39.15594213726352,1,70,100
9711,天津市河北区增产道团结里,"(117.23769147037771, 39.165213413548784)",117.23769147037771,39.165213413548784,1,70,100
9712,天津市津南区增产里(津南区),"(117.39509902963573, 39.00023710963993)",117.39509902963573,39.00023710963993,0,50,57
9713,天津市河北区增光南里,"(117.24049103949956, 39.168915033724986)",117.24049103949956,39.168915033724986,1,70,100
9714,天津市河北区增光里,"(117.2412944839477, 39.17119386747107)",117.2412944839477,39.17119386747107,1,70,100
9715,天津市河北区增安里大楼,"(117.212867695915, 39.17037578115524)",117.212867695915,39.17037578115524,1,70,100
9716,天津市河西区增强楼,"(117.21144280371506, 39.10015169789388)",117.21144280371506,39.10015169789388,1,70,100
9717,天津市河西区增禄胡同4号,"(0, 0)",0.0,0.0,0,0,0
9718,天津市和平区增福里,"(117.200386908651, 39.12592422547568)",117.200386908651,39.12592422547568,0,50,100
9719,天津市和平区增贤里,"(117.21247082454067, 39.13430359957375)",117.21247082454067,39.13430359957375,1,70,100
9720,天津市河西区增进楼,"(117.21125496803292, 39.101653082583276)",117.21125496803292,39.101653082583276,0,50,100
9721,天津市河西区增进里,"(117.21125496803292, 39.101653082583276)",117.21125496803292,39.101653082583276,0,50,100
9722,天津市和平区复元里,"(117.19659057973529, 39.12144931943003)",117.19659057973529,39.12144931943003,1,70,100
9723,天津市河东区复兴庄北街,"(0, 0)",0.0,0.0,0,0,0
9724,天津市河西区复兴门北里,"(117.26620503472267, 39.08423611666738)",117.26620503472267,39.08423611666738,0,50,100
9725,天津市河西区复兴门家园,"(117.26908320557665, 39.083086398010295)",117.26908320557665,39.083086398010295,1,70,100
9726,天津市东丽区复地温莎堡红坊,"(117.41067403022883, 39.14647208433225)",117.41067403022883,39.14647208433225,0,50,100
9727,天津市东丽区复地温莎堡红府,"(117.40973997215954, 39.149242138501435)",117.40973997215954,39.149242138501435,1,70,100
9728,天津市东丽区复地温莎堡红庭,"(117.40973997215954, 39.149242138501435)",117.40973997215954,39.149242138501435,1,70,100
9729,天津市东丽区复地温莎堡红阁,"(117.40973997215954, 39.149242138501435)",117.40973997215954,39.149242138501435,1,70,100
9730,天津市东丽区复地湖滨广场,"(117.40879315815202, 39.16412733832324)",117.40879315815202,39.16412733832324,1,70,100
9731,天津市和平区复新楼,"(117.21469556796669, 39.134935305658075)",117.21469556796669,39.134935305658075,1,70,100
9732,天津市静海区夏泰园,"(116.98465318110509, 38.94794193206383)",116.98465318110509,38.94794193206383,1,70,100
9733,天津市东丽区夏洛兹花园,"(117.42180403549746, 39.15268412741095)",117.42180403549746,39.15268412741095,1,70,100
9734,天津市西青区夏茵里,"(117.1199935061883, 39.158107181851065)",117.1199935061883,39.158107181851065,1,70,100
9735,天津市东丽区夏荷轩,"(117.45031966594509, 39.07096352683676)",117.45031966594509,39.07096352683676,1,70,100
9736,天津市东丽区夏阳溪韵,"(117.4940825951358, 39.20309824986832)",117.4940825951358,39.20309824986832,1,70,100
9737,天津市和平区外贸楼,"(117.19508484003946, 39.12072071182011)",117.19508484003946,39.12072071182011,1,75,100
9738,天津市和平区多伦道,"(117.19510702818556, 39.132780457078084)",117.19510702818556,39.132780457078084,0,30,100
9739,天津市和平区多宁里,"(117.19280898302993, 39.13073924013068)",117.19280898302993,39.13073924013068,1,70,100
9740,天津市河北区多禄里,"(117.21336751310074, 39.1679764301928)",117.21336751310074,39.1679764301928,1,70,100
9741,天津市河东区大众家园,"(117.26708555378356, 39.15765032841306)",117.26708555378356,39.15765032841306,1,70,100
9742,天津市和平区大同道,"(117.21767695412376, 39.132342118919055)",117.21767695412376,39.132342118919055,0,30,100
9743,天津市河北区大同里,"(117.2054767975011, 39.16282906111847)",117.2054767975011,39.16282906111847,0,50,100
9744,天津市红桥区大同门西里,"(117.16703803523748, 39.177383223213994)",117.16703803523748,39.177383223213994,1,70,100
9745,天津市塘沽区大唐世家,"(117.71989198677326, 39.110363123652775)",117.71989198677326,39.110363123652775,1,70,100
9746,天津市东丽区大唐印象,"(117.41602631411838, 39.171048348245854)",117.41602631411838,39.171048348245854,1,70,100
9747,天津市东丽区大唐印象唐槿苑,"(117.41460402700443, 39.18149111661267)",117.41460402700443,39.18149111661267,1,70,100
9748,天津市东丽区大唐印象唐雅苑,"(117.40986393831993, 39.183083181862706)",117.40986393831993,39.183083181862706,1,70,100
9749,天津市津南区大唐盛世,"(117.36879107480942, 38.918538061573855)",117.36879107480942,38.918538061573855,1,70,100
9750,天津市东丽区大唐筑雅园,"(117.4190259358773, 39.15334658307982)",117.4190259358773,39.15334658307982,1,70,100
9751,天津市南开区大园新居,"(117.13903893045809, 39.15269881607487)",117.13903893045809,39.15269881607487,1,70,100
9752,天津市西青区大地十二城枫桥园,"(117.09182004030939, 39.13551628270811)",117.09182004030939,39.13551628270811,1,70,100
9753,天津市西青区大地十二城枫桦园,"(117.08160100665843, 39.13115114060079)",117.08160100665843,39.13115114060079,1,70,100
9754,天津市西青区大地十二城枫香园,"(117.08497917435926, 39.131884327223595)",117.08497917435926,39.131884327223595,1,70,100
9755,天津市西青区大地十二城翠杉园,"(117.09135085534155, 39.132548729410786)",117.09135085534155,39.132548729410786,1,70,100
9756,天津市河西区大庆里(河西区),"(117.23210625586943, 39.08706023727659)",117.23210625586943,39.08706023727659,1,70,57
9757,天津市南开区大悦公寓,"(117.18585403228002, 39.13907913910529)",117.18585403228002,39.13907913910529,1,70,100
9758,天津市红桥区大成中环城,"(117.15863052447794, 39.16920237451068)",117.15863052447794,39.16920237451068,1,70,100
9759,天津市西青区大明楼,"(117.10823495655433, 39.16988809952723)",117.10823495655433,39.16988809952723,1,70,100
9760,天津市河东区大桥道,"(117.25737918308714, 39.116931157959876)",117.25737918308714,39.116931157959876,0,30,100
9761,天津市河北区大江北里,"(117.26304066373324, 39.17109163342915)",117.26304066373324,39.17109163342915,1,70,100
9762,天津市河北区大江南里,"(117.26357632330884, 39.16632954278508)",117.26357632330884,39.16632954278508,1,70,100
9763,天津市河北区大江里,"(117.26324026721755, 39.168507411972065)",117.26324026721755,39.168507411972065,0,50,100
9764,天津市和平区大沽北路,"(117.21819788148899, 39.12930572079961)",117.21819788148899,39.12930572079961,0,30,100
9765,天津市河西区大沽南路,"(117.22588288512685, 39.12035248637518)",117.22588288512685,39.12035248637518,0,30,100
9766,天津市河西区大沽南路672-674,"(117.22967508183723, 39.10419008275626)",117.22967508183723,39.10419008275626,1,80,100
9767,天津市和平区大理道,"(117.20775013925518, 39.115100269077146)",117.20775013925518,39.115100269077146,0,30,100
9768,天津市和平区大生里,"(117.19382397842566, 39.121685842356904)",117.19382397842566,39.121685842356904,1,70,100
9769,天津市河东区大直沽三号路,"(117.23924230501014, 39.1174777139941)",117.23924230501014,39.1174777139941,0,30,100
9770,天津市河东区大直沽九号路,"(117.24378826987395, 39.114703530506546)",117.24378826987395,39.114703530506546,0,30,100
9771,天津市河东区大直沽五号路,"(117.25000750841117, 39.11721920262024)",117.25000750841117,39.11721920262024,0,50,100
9772,天津市河东区大直沽五号路18号,"(117.25000750841117, 39.11721920262024)",117.25000750841117,39.11721920262024,0,50,35
9773,天津市河东区大直沽八号路,"(117.25000750841117, 39.11721920262024)",117.25000750841117,39.11721920262024,0,50,100
9774,天津市河东区大直沽六号路,"(117.25000750841117, 39.11721920262024)",117.25000750841117,39.11721920262024,0,50,100
9775,天津市河东区大直沽前街,"(117.24619231507974, 39.11475503876357)",117.24619231507974,39.11475503876357,0,30,100
9776,天津市河东区大直沽后台,"(117.25005943046965, 39.12184587975302)",117.25005943046965,39.12184587975302,1,70,100
9777,天津市河东区大直沽后街,"(0, 0)",0.0,0.0,0,0,0
9778,天津市北辰区大运河府,"(117.1344388876026, 39.22177314663647)",117.1344388876026,39.22177314663647,1,70,100
9779,天津市和平区大连道(和平区),"(117.21906564461163, 39.1304669240986)",117.21906564461163,39.1304669240986,0,30,100
9780,天津市塘沽区大连道(塘沽区),"(117.21916792298208, 39.1305610686008)",117.21916792298208,39.1305610686008,0,30,100
9781,天津市南开区大通公寓,"(117.15317511511584, 39.14254450475194)",117.15317511511584,39.14254450475194,1,70,100
9782,天津市河东区大通时尚花园,"(117.25676761669595, 39.13963727502211)",117.25676761669595,39.13963727502211,0,50,100
9783,天津市蓟州区天一绿海,"(117.45478810704338, 40.0686499070732)",117.45478810704338,40.0686499070732,1,70,100
9784,天津市蓟州区天一绿海揽景园,"(117.45906242432095, 40.071141182650855)",117.45906242432095,40.071141182650855,0,50,100
9785,天津市蓟州区天一绿海揽翠园,"(117.45499552578563, 40.06786832773482)",117.45499552578563,40.06786832773482,1,70,100
9786,天津市塘沽区天众园,"(117.65010254187253, 39.03663635824703)",117.65010254187253,39.03663635824703,1,70,100
9787,天津市东丽区天保意境雅居,"(117.41999700413358, 39.15127917739298)",117.41999700413358,39.15127917739298,1,70,100
9788,天津市滨海新区天保月湾,"(117.70496484411397, 38.91817663322944)",117.70496484411397,38.91817663322944,1,70,100
9789,天津市蓟州区天元家园,"(117.4059411279884, 40.031734715407815)",117.4059411279884,40.031734715407815,1,70,100
9790,天津市和平区天兴里,"(117.19644685085369, 39.12034149976331)",117.19644685085369,39.12034149976331,1,70,100
9791,天津市河西区天卉公寓,"(117.20066196979816, 39.08024951366541)",117.20066196979816,39.08024951366541,1,70,100
9792,天津市武清区天华园,"(116.93689979917797, 39.17739972463151)",116.93689979917797,39.17739972463151,1,70,100
9793,天津市南开区天华里,"(117.14177939107736, 39.08633848251171)",117.14177939107736,39.08633848251171,1,70,100
9794,天津市东丽区天合家园,"(117.35658687581196, 39.08536348214943)",117.35658687581196,39.08536348214943,1,70,100
9795,天津市和平区天合里,"(117.19676934253178, 39.13332926796769)",117.19676934253178,39.13332926796769,1,70,100
9796,天津市武清区天和林溪博园,"(117.09390159383712, 39.34192874801814)",117.09390159383712,39.34192874801814,1,70,100
9797,天津市武清区天和林溪雅园,"(117.09245675925487, 39.341377603606595)",117.09245675925487,39.341377603606595,1,70,100
9798,天津市河东区天善社大街81号,"(117.22686949406847, 39.15129204771963)",117.22686949406847,39.15129204771963,1,80,100
9799,天津市津南区天嘉湖花园,"(117.36995096688389, 38.909369138667586)",117.36995096688389,38.909369138667586,1,70,100
9800,天津市河东区天四里,"(117.24599387939259, 39.12916424243358)",117.24599387939259,39.12916424243358,1,70,100
9801,天津市津南区天地源叠璟院,"(117.4190439019875, 38.95417034144667)",117.4190439019875,38.95417034144667,1,70,100
9802,天津市津南区天地源欧筑,"(117.41588941235865, 38.95119081893362)",117.41588941235865,38.95119081893362,1,70,100
9803,天津市津南区天地源欧筑1898尚智园,"(117.42022104152777, 38.95341544188193)",117.42022104152777,38.95341544188193,1,70,100
9804,天津市津南区天地源津九轩,"(117.39087753272214, 38.98530859773928)",117.39087753272214,38.98530859773928,0,50,100
9805,天津市武清区天地源熙湖畔,"(117.12722576384911, 39.33159892749009)",117.12722576384911,39.33159892749009,0,50,100
9806,天津市东丽区天域广场,"(117.49534866692154, 39.195887179480785)",117.49534866692154,39.195887179480785,1,70,100
9807,天津市北辰区天士力花园,"(117.20802538006345, 39.223452054883474)",117.20802538006345,39.223452054883474,1,70,100
9808,天津市南开区天大北五村,"(117.18095197911208, 39.12058117545832)",117.18095197911208,39.12058117545832,1,70,100
9809,天津市武清区天娇里,"(117.04288727307824, 39.3741565517324)",117.04288727307824,39.3741565517324,1,70,100
9810,天津市和平区天宁里,"(117.19324493069394, 39.13037288666108)",117.19324493069394,39.13037288666108,1,70,100
9811,天津市西青区天安数码城珑园,"(117.0354938594089, 39.10712146499881)",117.0354938594089,39.10712146499881,1,70,100
9812,天津市东丽区天安象屿智慧城-都城,"(117.44389803917646, 39.17301307691197)",117.44389803917646,39.17301307691197,0,50,100
9813,天津市东丽区天安象屿智慧城-都汇,"(117.44389803917646, 39.17301307691197)",117.44389803917646,39.17301307691197,0,50,100
9814,天津市宝坻区天宝华苑,"(117.31505246293041, 39.711729357574164)",117.31505246293041,39.711729357574164,1,70,100
9815,天津市宝坻区天宝新苑二期,"(117.30514091925552, 39.71495307107003)",117.30514091925552,39.71495307107003,1,70,100
9816,天津市宝坻区天宝新苑小区一期,"(117.307971569748, 39.71291336004262)",117.307971569748,39.71291336004262,1,70,100
9817,天津市宝坻区天宝福苑,"(117.35087553921007, 39.73493352829271)",117.35087553921007,39.73493352829271,1,70,100
9818,天津市河西区天宣公寓,"(117.20066547318964, 39.079400673558176)",117.20066547318964,39.079400673558176,1,70,100
9819,天津市河西区天宾公寓,"(117.20691965581122, 39.08874350932496)",117.20691965581122,39.08874350932496,1,70,100
9820,天津市津南区天山·水榭花都,"(117.44913327385807, 38.931492883964935)",117.44913327385807,38.931492883964935,1,70,100
9821,天津市津南区天山御府,"(117.45333204364226, 38.936115204359645)",117.45333204364226,38.936115204359645,1,70,100
9822,天津市河西区天山里,"(117.27610454110373, 39.07384434313941)",117.27610454110373,39.07384434313941,0,50,100
9823,天津市津南区天山龍玺,"(117.44540207209181, 38.93591082055199)",117.44540207209181,38.93591082055199,1,70,100
9824,天津市河西区天庆里,"(117.22846299821262, 39.11201021164086)",117.22846299821262,39.11201021164086,1,70,100
9825,天津市海河教育园区天悦风华,"(117.37116502678063, 38.985587087828975)",117.37116502678063,38.985587087828975,1,70,100
9826,天津市河西区天惠小区,"(117.23675552586687, 39.101241988194694)",117.23675552586687,39.101241988194694,1,70,100
9827,天津市河西区天意里,"(117.23139129451403, 39.10065715623902)",117.23139129451403,39.10065715623902,1,70,100
9828,天津市开发区天成东轩,"(117.73302700994017, 39.02489008128344)",117.73302700994017,39.02489008128344,1,70,100
9829,天津市河西区天成公寓,"(117.2085481040397, 39.08857030422975)",117.2085481040397,39.08857030422975,1,70,100
9830,天津市开发区天成轩,"(117.73302700994017, 39.02489008128344)",117.73302700994017,39.02489008128344,1,70,100
9831,天津市开发区天成铂悦,"(117.72582430653061, 39.02307983849155)",117.72582430653061,39.02307983849155,1,70,100
9832,天津市静海区天房光合谷泊雅苑,"(117.17891920357356, 38.90339437855004)",117.17891920357356,38.90339437855004,1,70,100
9833,天津市河西区天房六合国际,"(117.25435611555443, 39.0874894779463)",117.25435611555443,39.0874894779463,1,70,100
9834,天津市河北区天房北宁公元,"(117.22037600285904, 39.18225516704325)",117.22037600285904,39.18225516704325,1,70,100
9835,天津市滨海新区天房天和园,"(117.75346337046163, 39.13029886007731)",117.75346337046163,39.13029886007731,1,70,100
9836,天津市南开区天房天拖,"(117.14660805268515, 39.11698007524901)",117.14660805268515,39.11698007524901,1,70,100
9837,天津市南开区天房天拖盈秀园,"(117.14667291034297, 39.12246636233541)",117.14667291034297,39.12246636233541,1,70,100
9838,天津市南开区天房天拖盈艺园,"(117.14573687600158, 39.12251989418226)",117.14573687600158,39.12251989418226,1,70,100
9839,天津市南开区天房天拖秋泽园,"(117.1465942187803, 39.11696076027198)",117.1465942187803,39.11696076027198,1,70,100
9840,天津市河北区天房天泰,"(117.18198565926241, 39.19022531908051)",117.18198565926241,39.19022531908051,1,70,100
9841,天津市北辰区天房天辰世纪,"(117.16861689700181, 39.204863437850264)",117.16861689700181,39.204863437850264,1,70,100
9842,天津市南开区天房崇德园,"(117.16051867282937, 39.093239410704214)",117.16051867282937,39.093239410704214,1,70,100
9843,天津市津南区天房意境,"(117.30317273188315, 39.017993067480106)",117.30317273188315,39.017993067480106,1,70,100
9844,天津市津南区天房意墅,"(117.30279921645212, 39.01633486591707)",117.30279921645212,39.01633486591707,1,70,100
9845,天津市河西区天房海河湾,"(117.26930167347668, 39.08434043829505)",117.26930167347668,39.08434043829505,1,70,100
9846,天津市西青区天房美域兰庭,"(117.19792177867052, 39.06310939325924)",117.19792177867052,39.06310939325924,1,70,100
9847,天津市西青区天房美域华庭,"(117.1988193655361, 39.065329279745725)",117.1988193655361,39.065329279745725,0,50,100
9848,天津市西青区天房美域豪庭,"(117.19555447416008, 39.06366806583283)",117.19555447416008,39.06366806583283,0,50,100
9849,天津市河西区天房美棠,"(117.24992261854047, 39.07856120586841)",117.24992261854047,39.07856120586841,1,70,100
9850,天津市东丽区天房锦园,"(117.42967480871478, 39.17523744630325)",117.42967480871478,39.17523744630325,1,70,100
9851,天津市武清区天房雍阳府,"(117.07882802737969, 39.37999711890452)",117.07882802737969,39.37999711890452,1,70,100
9852,天津市和平区天新北里,"(117.1896951866407, 39.11887991509171)",117.1896951866407,39.11887991509171,1,70,100
9853,天津市和平区天新里,"(117.1911716415769, 39.11935878582961)",117.1911716415769,39.11935878582961,0,50,100
9854,天津市武清区天时茗苑,"(117.00517083827519, 39.29662382272985)",117.00517083827519,39.29662382272985,1,70,100
9855,天津市和平区天昌里(和平),"(117.20353286437751, 39.13025764864649)",117.20353286437751,39.13025764864649,1,70,100
9856,天津市河西区天昌里(河西),"(117.22797198442086, 39.11337710982935)",117.22797198442086,39.11337710982935,1,70,100
9857,天津市南开区天明街,"(117.1487509910216, 39.14753362691785)",117.1487509910216,39.14753362691785,0,30,100
9858,天津市红桥区天桂里,"(117.1850185183252, 39.16008996944714)",117.1850185183252,39.16008996944714,1,70,100
9859,天津市东丽区天欣花园,"(117.42964336802193, 39.18077306378372)",117.42964336802193,39.18077306378372,1,70,100
9860,天津市东丽区天欣颐园,"(117.42948616455769, 39.17783987752623)",117.42948616455769,39.17783987752623,1,70,100
9861,天津市南开区天江格调兰庭,"(117.16973465854788, 39.135811247048586)",117.16973465854788,39.135811247048586,1,70,100
9862,天津市南开区天江格调花园,"(117.17037236562942, 39.137377489625315)",117.17037236562942,39.137377489625315,1,70,100
9863,天津市河北区天江里,"(117.25445933085751, 39.17616133833562)",117.25445933085751,39.17616133833562,1,70,100
9864,天津市河北区天沽公寓,"(117.19798376175072, 39.15898458105378)",117.19798376175072,39.15898458105378,1,70,100
9865,天津市河北区天沽里,"(117.19796211258792, 39.15951269382078)",117.19796211258792,39.15951269382078,1,70,100
9866,天津市河东区天泉东里,"(117.28980846115012, 39.13725512709572)",117.28980846115012,39.13725512709572,1,70,100
9867,天津市河东区天泉西里,"(117.28779032799139, 39.13714997490502)",117.28779032799139,39.13714997490502,1,70,100
9868,天津市河北区天泰公寓,"(117.19071934475262, 39.17476937735746)",117.19071934475262,39.17476937735746,1,70,100
9869,天津市宝坻区天泰园,"(117.34024795621316, 39.74400105995181)",117.34024795621316,39.74400105995181,1,70,100
9870,天津市南开区天泰花园,"(117.14613545415635, 39.1469376150081)",117.14613545415635,39.1469376150081,1,70,100
9871,天津市河东区天津万欣城,"(117.2741020384609, 39.12790302920421)",117.2741020384609,39.12790302920421,1,70,100
9872,天津市西青区天津东方环球影城,"(117.09620520848691, 39.14223012094553)",117.09620520848691,39.14223012094553,1,75,100
9873,天津市和平区天津中心,"(117.19952902688897, 39.12507656941981)",117.19952902688897,39.12507656941981,1,75,100
9874,天津市河东区天津凯旋门,"(117.28378720914728, 39.10461942829271)",117.28378720914728,39.10461942829271,1,70,100
9875,天津市东丽区天津华侨城,"(117.47655198344746, 39.198458083943834)",117.47655198344746,39.198458083943834,1,70,100
9876,天津市东丽区天津华侨城天鹅堡,"(117.4760690544053, 39.19947729034985)",117.4760690544053,39.19947729034985,1,70,100
9877,天津市东丽区天津华侨城寄涛苑,"(117.46695107381794, 39.19891599821965)",117.46695107381794,39.19891599821965,1,70,100
9878,天津市东丽区天津华侨城寄湖苑,"(117.46883428148904, 39.19732485375145)",117.46883428148904,39.19732485375145,1,70,100
9879,天津市东丽区天津华侨城沁水苑,"(117.47651102071622, 39.1967738897551)",117.47651102071622,39.1967738897551,1,70,100
9880,天津市东丽区天津华侨城聆水苑,"(117.47477935718463, 39.19589326101655)",117.47477935718463,39.19589326101655,1,70,100
9881,天津市开发区天津国际发展大厦,"(117.6857508977305, 39.032560372781894)",117.6857508977305,39.032560372781894,1,75,100
9882,天津市南开区天津大学三村,"(117.17417929455016, 39.11522973875305)",117.17417929455016,39.11522973875305,1,70,100
9883,天津市南开区天津大学六村,"(117.17121479653669, 39.11314832718635)",117.17121479653669,39.11314832718635,1,70,100
9884,天津市南开区天津大学四季村,"(117.17090488113574, 39.11604294280092)",117.17090488113574,39.11604294280092,1,70,100
9885,天津市南开区天津大学新园村,"(0, 0)",0.0,0.0,0,0,0
9886,天津市和平区天津大都会SMART,"(117.19333988158633, 39.13848021190946)",117.19333988158633,39.13848021190946,1,70,100
9887,天津市河西区天津富力中心,"(117.22328651271137, 39.11847983892264)",117.22328651271137,39.11847983892264,1,75,100
9888,天津市静海区天津富力新城,"(117.14375925642136, 38.89274264805936)",117.14375925642136,38.89274264805936,1,70,100
9889,天津市河东区天津恒大帝景,"(117.26739313359018, 39.08996643431012)",117.26739313359018,39.08996643431012,1,70,100
9890,天津市北辰区天津恒大御景湾,"(117.19008199699329, 39.23191809118964)",117.19008199699329,39.23191809118964,1,70,100
9891,天津市蓟州区天津海棠湾花园,"(117.46423289117527, 40.063886163519115)",117.46423289117527,40.063886163519115,1,70,100
9892,天津市宁河区天津海航城,"(0, 0)",0.0,0.0,0,0,0
9893,天津市河西区天津湾海景文苑,"(117.24703726124243, 39.09541612963857)",117.24703726124243,39.09541612963857,1,70,100
9894,天津市塘沽区天津滨海万达广场,"(117.26093377799013, 39.13059741482713)",117.26093377799013,39.13059741482713,1,75,100
9895,天津市津南区天津碧桂园,"(117.34068659879368, 38.94615201283814)",117.34068659879368,38.94615201283814,1,70,100
9896,天津市静海区天津碧桂园星河Park,"(0, 0)",0.0,0.0,0,0,0
9897,天津市西青区天津科技金融大厦,"(117.13391535515137, 39.0998800326484)",117.13391535515137,39.0998800326484,1,75,100
9898,天津市河北区天津美术学院家属楼,"(117.19989903892854, 39.15963110075666)",117.19989903892854,39.15963110075666,0,50,100
9899,天津市河北区天津诺德中心,"(117.20830897511296, 39.17315838226189)",117.20830897511296,39.17315838226189,1,75,100
9900,天津市静海区天津锦绣学府,"(117.09230997613454, 38.98923007397386)",117.09230997613454,38.98923007397386,1,70,100
9901,天津市河东区天津雅颂居,"(117.22478075409667, 39.13275030173976)",117.22478075409667,39.13275030173976,1,70,100
9902,天津市河西区天涛园,"(117.23421520771521, 39.04925362998842)",117.23421520771521,39.04925362998842,1,70,100
9903,天津市滨海新区天润新苑,"(117.83082041047007, 39.24708537676709)",117.83082041047007,39.24708537676709,1,70,100
9904,天津市河西区天润里,"(117.23122995884445, 39.10149418890386)",117.23122995884445,39.10149418890386,1,70,100
9905,天津市武清区天湖悦府,"(117.12859253568256, 39.33129293138582)",117.12859253568256,39.33129293138582,1,70,100
9906,天津市北辰区天物轩宇嘉园,"(117.16794703058302, 39.20908712643855)",117.16794703058302,39.20908712643855,1,70,100
9907,天津市河西区天物郁江溪岸,"(117.24240155565818, 39.07971421975447)",117.24240155565818,39.07971421975447,1,70,100
9908,天津市南开区天环里,"(117.1564897726171, 39.12889031095491)",117.1564897726171,39.12889031095491,1,70,100
9909,天津市河东区天琴里,"(117.26153663081787, 39.09418188917509)",117.26153663081787,39.09418188917509,1,70,100
9910,天津市北辰区天穆东苑,"(117.16454344083628, 39.204030789119244)",117.16454344083628,39.204030789119244,1,70,100
9911,天津市北辰区天穆东里,"(117.16418375931008, 39.20036870802408)",117.16418375931008,39.20036870802408,1,70,100
9912,天津市北辰区天穆村外园,"(117.16167380388464, 39.20867037427237)",117.16167380388464,39.20867037427237,0,50,100
9913,天津市北辰区天穆顺义里,"(117.15995211154421, 39.205056693687666)",117.15995211154421,39.205056693687666,1,70,100
9914,天津市北辰区天籁湾,"(117.0413683282914, 39.17232108924434)",117.0413683282914,39.17232108924434,1,70,100
9915,天津市南开区天荣公寓,"(117.17633531760465, 39.129727775231764)",117.17633531760465,39.129727775231764,1,70,100
9916,天津市河西区天资里,"(117.20167606688837, 39.080070125894)",117.20167606688837,39.080070125894,1,70,100
9917,天津市河西区天赋里,"(117.20257086900688, 39.08157103142052)",117.20257086900688,39.08157103142052,1,70,100
9918,天津市和平区天赐园,"(117.18890297101144, 39.125106098307874)",117.18890297101144,39.125106098307874,1,70,100
9919,天津市北辰区天辰公寓,"(117.1280294777889, 39.23886653268589)",117.1280294777889,39.23886653268589,1,70,100
9920,天津市北辰区天辰新苑,"(117.17253323953368, 39.191790480487484)",117.17253323953368,39.191790480487484,0,50,100
9921,天津市西青区天辰里小区,"(117.04659143584863, 39.070668358840926)",117.04659143584863,39.070668358840926,1,70,100
9922,天津市河西区天达里,"(117.20837679717894, 39.10711187614047)",117.20837679717894,39.10711187614047,1,70,100
9923,天津市东丽区天铁公寓,"(117.2803018735991, 39.13530296450444)",117.2803018735991,39.13530296450444,1,70,100
9924,天津市滨海新区天铂映园,"(117.78452955974373, 39.10858658510453)",117.78452955974373,39.10858658510453,1,70,100
9925,天津市滨海新区天铂晴园,"(117.78512486680519, 39.10942625243226)",117.78512486680519,39.10942625243226,1,70,100
9926,天津市滨海新区天铂曜园,"(0, 0)",0.0,0.0,0,0,0
9927,天津市滨海新区天铂曦园,"(117.78301097427912, 39.11106818340447)",117.78301097427912,39.11106818340447,1,70,100
9928,天津市宝坻区天锦园小区,"(117.34513222293202, 39.74116653653724)",117.34513222293202,39.74116653653724,1,70,100
9929,天津市北辰区天阳公寓,"(117.12881657307673, 39.24090577395819)",117.12881657307673,39.24090577395819,1,70,100
9930,天津市南开区天香水畔花园,"(117.16395343377732, 39.1418431205112)",117.16395343377732,39.1418431205112,1,70,100
9931,天津市宝坻区天馨家園,"(117.33732001923394, 39.73760962316226)",117.33732001923394,39.73760962316226,1,70,100
9932,天津市红桥区天骄公寓,"(117.16919854981953, 39.178280796767005)",117.16919854981953,39.178280796767005,1,70,100
9933,天津市东丽区天骥智谷,"(117.46588846823018, 39.1653240482089)",117.46588846823018,39.1653240482089,0,50,100
9934,天津市红桥区天鸿大厦,"(117.19095577876286, 39.15536153998864)",117.19095577876286,39.15536153998864,1,75,100
9935,天津市武清区天鹅湖1号,"(117.06305764533816, 39.41904021283151)",117.06305764533816,39.41904021283151,1,70,100
9936,天津市西青区天鹅湖天湖园,"(0, 0)",0.0,0.0,0,0,0
9937,天津市和平区太和里,"(117.20176998023791, 39.13315525340313)",117.20176998023791,39.13315525340313,0,30,100
9938,天津市蓟州区太平洋小区,"(117.42735574321021, 40.06094884438133)",117.42735574321021,40.06094884438133,1,70,100
9939,天津市南开区太极园,"(117.18162606756678, 39.13252578049368)",117.18162606756678,39.13252578049368,1,70,100
9940,天津市南开区太谷公寓,"(117.15390930020915, 39.147754437213635)",117.15390930020915,39.147754437213635,1,70,100
9941,天津市河东区太阳城橙翠园,"(117.28520725049745, 39.16342162513411)",117.28520725049745,39.16342162513411,1,70,100
9942,天津市河东区太阳城绿萱园,"(117.28777011611741, 39.15845331697921)",117.28777011611741,39.15845331697921,1,70,100
9943,天津市河东区太阳城蓝山园,"(117.28162561659862, 39.15856997720944)",117.28162561659862,39.15856997720944,1,70,100
9944,天津市河东区太阳城金旭园,"(117.28323331396982, 39.166548990154745)",117.28323331396982,39.166548990154745,1,70,100
9945,天津市河西区奉化道,"(117.23129535548557, 39.112551137272874)",117.23129535548557,39.112551137272874,0,30,100
9946,天津市滨海新区奉献北里,"(117.40782999498424, 38.67873708108876)",117.40782999498424,38.67873708108876,1,70,100
9947,天津市滨海新区奉献南里,"(117.40770459153504, 38.67699849540186)",117.40770459153504,38.67699849540186,1,70,100
9948,天津市红桥区奋斗楼,"(117.1658064583833, 39.1751597613401)",117.1658064583833,39.1751597613401,0,50,100
9949,天津市南开区奕聪花园,"(117.17358596376081, 39.080394451927035)",117.17358596376081,39.080394451927035,1,70,100
9950,天津市静海区奥体公元101,"(117.08381452126557, 38.978823995706854)",117.08381452126557,38.978823995706854,1,70,100
9951,天津市武清区奥克斯泉上文华,"(117.05186601631156, 39.355457233486)",117.05186601631156,39.355457233486,1,70,100
9952,天津市南开区奥城公寓,"(117.17542003412053, 39.08473608890693)",117.17542003412053,39.08473608890693,1,75,100
9953,天津市南开区奥林匹克村,"(117.17687996023534, 39.07971912109075)",117.17687996023534,39.07971912109075,1,70,100
9954,天津市北辰区奥林匹克花园枫叶苑,"(117.11956079242414, 39.2055110000549)",117.11956079242414,39.2055110000549,1,70,100
9955,天津市北辰区奥林匹克花园橄榄苑,"(117.12398611485793, 39.20809797372338)",117.12398611485793,39.20809797372338,1,70,100
9956,天津市北辰区奥林匹克花园玉兰苑,"(117.12427707601262, 39.2056499473184)",117.12427707601262,39.2056499473184,1,70,100
9957,天津市北辰区奥林匹克花园石榴苑,"(117.12126963899577, 39.20736432965914)",117.12126963899577,39.20736432965914,1,70,100
9958,天津市塘沽区奥林花园,"(117.66112807421035, 39.05159667851558)",117.66112807421035,39.05159667851558,1,70,100
9959,天津市南开区奥翔园,"(117.19014811227883, 39.076357213913845)",117.19014811227883,39.076357213913845,1,70,100
9960,天津市塘沽区奥莱城,"(117.63754710542068, 39.07061331669975)",117.63754710542068,39.07061331669975,1,70,100
9961,天津市东丽区好新家园,"(117.32308645825889, 39.14284027887877)",117.32308645825889,39.14284027887877,1,70,100
9962,天津市东丽区好美嘉园,"(117.30311119795572, 39.11764629872522)",117.30311119795572,39.11764629872522,1,70,100
9963,天津市河北区如东里,"(117.2451568383184, 39.16104315617291)",117.2451568383184,39.16104315617291,1,70,100
9964,天津市南开区如意大厦,"(117.17955421573856, 39.143915422665465)",117.17955421573856,39.143915422665465,1,75,100
9965,天津市河北区如皋里,"(117.24520292139105, 39.16204829282227)",117.24520292139105,39.16204829282227,1,70,100
9966,天津市河东区姚台大街,"(0, 0)",0.0,0.0,0,0,0
9967,天津市和平区嫩江路,"(117.20184225340772, 39.13567901698359)",117.20184225340772,39.13567901698359,0,30,100
9968,天津市河西区嫩江里,"(117.26034314211732, 39.06377129755921)",117.26034314211732,39.06377129755921,1,70,100
9969,天津市红桥区子牙东里,"(117.16580672787495, 39.171779157973155)",117.16580672787495,39.171779157973155,1,70,100
9970,天津市红桥区子牙南里,"(117.16425993561732, 39.17157245378807)",117.16425993561732,39.17157245378807,1,70,100
9971,天津市红桥区子牙西里,"(117.16117964602361, 39.173852039818286)",117.16117964602361,39.173852039818286,1,70,100
9972,天津市红桥区子牙里,"(117.16376820318116, 39.172959443917605)",117.16376820318116,39.172959443917605,1,70,100
9973,天津市河西区存诚里,"(117.2247440134013, 39.113953297242595)",117.2247440134013,39.113953297242595,1,70,100
9974,天津市河西区孚德里,"(117.22193213749397, 39.11810593323636)",117.22193213749397,39.11810593323636,1,70,100
9975,天津市河北区孚泰公寓,"(117.20854882268411, 39.15688013332934)",117.20854882268411,39.15688013332934,1,70,100
9976,天津市滨海新区季景兰庭［兰景园］,"(117.76161980483111, 39.12180228411912)",117.76161980483111,39.12180228411912,0,50,100
9977,天津市滨海新区季景华庭［季景园］,"(117.75640298541246, 39.12129312988675)",117.75640298541246,39.12129312988675,1,70,100
9978,天津市东丽区季景家园,"(117.31649379412116, 39.14726093140597)",117.31649379412116,39.14726093140597,1,70,100
9979,天津市滨海新区季景峰阁,"(117.75257297004012, 39.122654108488625)",117.75257297004012,39.122654108488625,0,50,100
9980,天津市滨海新区季景铭郡,"(117.7583499727748, 39.12530111460827)",117.7583499727748,39.12530111460827,1,70,100
9981,天津市东丽区季景馨园,"(117.3171582707069, 39.145728557901094)",117.3171582707069,39.145728557901094,1,70,100
9982,天津市滨海新区学仕府花园,"(117.82604403024295, 39.26534812469385)",117.82604403024295,39.26534812469385,1,70,100
9983,天津市滨海新区学府雅居,"(117.45468695784295, 38.87513669655422)",117.45468695784295,38.87513669655422,1,70,100
9984,天津市南开区学湖里,"(117.17332527550182, 39.11858662876262)",117.17332527550182,39.11858662876262,1,70,100
9985,天津市西青区学畔馨园,"(117.13012234996603, 39.05546619001479)",117.13012234996603,39.05546619001479,1,70,100
9986,天津市南开区宁乐西里,"(117.18119092837773, 39.09308833854801)",117.18119092837773,39.09308833854801,1,70,100
9987,天津市南开区宁乐里,"(117.18308177164569, 39.09318627646589)",117.18308177164569,39.09318627646589,1,70,100
9988,天津市河西区宁发商城,"(117.19157498075089, 39.09954907701458)",117.19157498075089,39.09954907701458,1,75,100
9989,天津市塘沽区宁发里,"(117.65981951257397, 39.040056079573745)",117.65981951257397,39.040056079573745,1,70,100
9990,天津市南开区宁发阳光公寓,"(117.18042449411662, 39.086191176133106)",117.18042449411662,39.086191176133106,1,75,100
9991,天津市南开区宁发阳光花园,"(117.18466431646262, 39.08668938409953)",117.18466431646262,39.08668938409953,1,70,100
9992,天津市红桥区宁城楼,"(117.15000571361556, 39.188605942288774)",117.15000571361556,39.188605942288774,1,70,100
9993,天津市和平区宁夏路,"(117.19570305389142, 39.129527593565186)",117.19570305389142,39.129527593565186,0,30,100
9994,天津市南开区宁强里,"(117.13482893185503, 39.13729773362692)",117.13482893185503,39.13729773362692,1,70,100
9995,天津市河东区宁月花园,"(117.28759907874831, 39.11067772087683)",117.28759907874831,39.11067772087683,1,70,100
9996,天津市河北区宁桥里,"(117.24533892484526, 39.18203073508937)",117.24533892484526,39.18203073508937,1,70,100
9997,天津市塘沽区宁波道(塘沽区),"(117.23155486786266, 39.11452837226542)",117.23155486786266,39.11452837226542,0,30,100
9998,天津市河西区宁波道(河西区),"(117.23151319457173, 39.114473352519106)",117.23151319457173,39.114473352519106,0,30,100
9999,天津市塘沽区宁波里,"(117.65298493476242, 39.02375928941243)",117.65298493476242,39.02375928941243,1,70,100
10000,天津市河北区宁湾大厦,"(117.21486130533329, 39.18858594802145)",117.21486130533329,39.18858594802145,1,75,100
10001,天津市南开区宁盛里,"(117.18508095055815, 39.092880281272365)",117.18508095055815,39.092880281272365,1,70,100
10002,天津市南开区宁祥里,"(117.18188019819554, 39.09670417994998)",117.18188019819554,39.09670417994998,1,70,100
10003,天津市南开区宁福里,"(117.18185208123307, 39.09549523341201)",117.18185208123307,39.09549523341201,1,70,100
10004,天津市和平区宁远里,"(0, 0)",0.0,0.0,0,0,0
10005,天津市和平区宁静里,"(117.20083498343939, 39.12847818724308)",117.20083498343939,39.12847818724308,1,70,100
10006,天津市南开区宇正园,"(117.16722578108907, 39.1443583751314)",117.16722578108907,39.1443583751314,1,70,100
10007,天津市静海区宇泰泰禾世家,"(116.93423380808545, 38.93194868836898)",116.93423380808545,38.93194868836898,1,70,100
10008,天津市南开区宇翔园,"(117.131802720253, 39.14873640196473)",117.131802720253,39.14873640196473,1,70,100
10009,天津市河北区宇萃里,"(117.23648181217798, 39.159368549016335)",117.23648181217798,39.159368549016335,1,70,100
10010,天津市河北区宇轩里,"(117.20104994794792, 39.16566790968295)",117.20104994794792,39.16566790968295,1,70,100
10011,天津市河北区宇阳公寓,"(117.20921554503362, 39.16656052895526)",117.20921554503362,39.16656052895526,1,70,100
10012,天津市和平区安乐村,"(117.2107624271218, 39.114792130283845)",117.2107624271218,39.114792130283845,1,70,100
10013,天津市南开区安全道,"(117.15230564521275, 39.14814287384582)",117.15230564521275,39.14814287384582,0,30,100
10014,天津市南开区安华里,"(117.14684421720372, 39.08297948392746)",117.14684421720372,39.08297948392746,1,70,100
10015,天津市河东区安吉花园,"(117.28984358489555, 39.106866204942)",117.28984358489555,39.106866204942,1,70,100
10016,天津市和平区安君里,"(117.21206002943097, 39.128609241447684)",117.21206002943097,39.128609241447684,1,70,100
10017,天津市和平区安善里,"(117.21076898475202, 39.12787630033348)",117.21076898475202,39.12787630033348,1,70,100
10018,天津市塘沽区安太里,"(117.66380915683543, 39.022781315275004)",117.66380915683543,39.022781315275004,1,70,100
10019,天津市塘沽区安定里,"(117.73869289228325, 39.00883059500247)",117.73869289228325,39.00883059500247,1,70,100
10020,天津市武清区安居公寓,"(117.06877014973722, 39.39196891232089)",117.06877014973722,39.39196891232089,1,70,100
10021,天津市东丽区安居原尚园,"(117.4256120423848, 39.17092709364755)",117.4256120423848,39.17092709364755,1,70,100
10022,天津市宝坻区安居和颂名邸,"(117.30017625419353, 39.72627559121838)",117.30017625419353,39.72627559121838,1,70,100
10023,天津市红桥区安岳楼,"(117.16979197043942, 39.18409212591883)",117.16979197043942,39.18409212591883,1,70,100
10024,天津市和平区安庆里,"(117.20336326429721, 39.11655500455694)",117.20336326429721,39.11655500455694,1,70,100
10025,天津市和平区安康里（和平区）,"(117.21917299212008, 39.121251633233456)",117.21917299212008,39.121251633233456,1,70,100
10026,天津市河西区安德公寓,"(117.21815997299646, 39.109166171507376)",117.21815997299646,39.109166171507376,1,70,100
10027,天津市河西区安德里,"(117.22092702345886, 39.11597009074152)",117.22092702345886,39.11597009074152,1,70,100
10028,天津市北辰区安悦园,"(117.20611297746325, 39.20811908064035)",117.20611297746325,39.20811908064035,1,70,100
10029,天津市滨海新区安泰小区,"(117.52573115588002, 38.68959472563571)",117.52573115588002,38.68959472563571,1,70,100
10030,天津市南开区安泽园,"(0, 0)",0.0,0.0,0,0,0
10031,天津市塘沽区安琪花园,"(117.67414856342472, 39.02962047150274)",117.67414856342472,39.02962047150274,1,70,100
10032,天津市宝坻区安田心屿,"(117.27723389079088, 39.70273831880253)",117.27723389079088,39.70273831880253,1,70,100
10033,天津市蓟州区安裕东区,"(117.42605562564562, 40.04380970640953)",117.42605562564562,40.04380970640953,1,70,100
10034,天津市蓟州区安裕新村,"(117.4227362969557, 40.04235277878731)",117.4227362969557,40.04235277878731,1,70,100
10035,天津市蓟州区安裕西区,"(117.41921763427312, 40.042529812945205)",117.41921763427312,40.042529812945205,1,70,100
10036,天津市和平区安裕里,"(117.20862041763326, 39.1130066061463)",117.20862041763326,39.1130066061463,1,70,100
10037,天津市河西区安辛庄,"(117.22467259811326, 39.118286063232766)",117.22467259811326,39.118286063232766,1,70,100
10038,天津市河西区安达公寓,"(117.19857475694572, 39.086968241787915)",117.19857475694572,39.086968241787915,1,70,100
10039,天津市北辰区安达里,"(117.13936402722214, 39.23829989928299)",117.13936402722214,39.23829989928299,1,70,100
10040,天津市塘沽区安达里(塘沽区),"(117.59676574204813, 39.04084991083136)",117.59676574204813,39.04084991083136,1,70,100
10041,天津市塘沽区安邦艺景,"(117.4946778123667, 39.049154579841485)",117.4946778123667,39.049154579841485,1,70,100
10042,天津市塘沽区安阳里(塘沽),"(117.6672635008435, 39.000626716274446)",117.6672635008435,39.000626716274446,1,70,100
10043,天津市滨海新区安阳里(滨海新区),"(117.83124845304557, 39.25438585504552)",117.83124845304557,39.25438585504552,1,70,100
10044,天津市西青区宏兴园,"(117.01915907201546, 39.1479216198216)",117.01915907201546,39.1479216198216,1,70,100
10045,天津市北辰区宏园东里,"(117.23300195629344, 39.19714835281853)",117.23300195629344,39.19714835281853,1,70,100
10046,天津市北辰区宏园里,"(117.22859181522274, 39.195944289973966)",117.22859181522274,39.195944289973966,1,70,100
10047,天津市西青区宏城御溪园,"(117.16032688460298, 39.0560983283688)",117.16032688460298,39.0560983283688,1,70,100
10048,天津市河北区宏康里,"(117.20839161921987, 39.170217043746945)",117.20839161921987,39.170217043746945,1,70,100
10049,天津市塘沽区宏愿花园,"(117.70519804422436, 38.98058713919954)",117.70519804422436,38.98058713919954,0,50,100
10050,天津市武清区宏昇家园,"(116.84897958467768, 39.45114403065314)",116.84897958467768,39.45114403065314,1,70,100
10051,天津市红桥区宏泰公寓,"(117.15778602746802, 39.18054212467631)",117.15778602746802,39.18054212467631,1,70,100
10052,天津市塘沽区宏苑,"(117.70359169431143, 38.98143310981353)",117.70359169431143,38.98143310981353,1,70,100
10053,天津市和平区宏达公寓,"(117.2117428377554, 39.12490443394719)",117.2117428377554,39.12490443394719,1,70,100
10054,天津市塘沽区宏达公寓(塘沽区),"(117.6686494065843, 39.03659334005919)",117.6686494065843,39.03659334005919,1,70,100
10055,天津市塘沽区宏达园,"(117.67425977364687, 39.05105934425721)",117.67425977364687,39.05105934425721,1,70,100
10056,天津市南开区官易里,"(0, 0)",0.0,0.0,0,0,0
10057,天津市塘沽区官港家园,"(117.53394283603838, 38.923222917299896)",117.53394283603838,38.923222917299896,1,70,100
10058,天津市塘沽区官港小区,"(117.52008818032745, 38.92334179434268)",117.52008818032745,38.92334179434268,1,70,100
10059,天津市河北区官邸三号,"(117.2023506044958, 39.14550323893868)",117.2023506044958,39.14550323893868,1,70,100
10060,天津市河北区宙纬路,"(117.20333002699336, 39.16556538781005)",117.20333002699336,39.16556538781005,0,30,100
10061,天津市津南区定鼎轩,"(117.44827260734895, 38.93768844164348)",117.44827260734895,38.93768844164348,1,70,100
10062,天津市红桥区宜兰里,"(117.1550520346484, 39.15643327360389)",117.1550520346484,39.15643327360389,1,70,100
10063,天津市北辰区宜兴南里,"(117.22758795881535, 39.195615746717394)",117.22758795881535,39.195615746717394,1,70,100
10064,天津市南开区宜君北里,"(0, 0)",0.0,0.0,0,0,0
10065,天津市南开区宜君西里,"(117.1285559746483, 39.15057809074239)",117.1285559746483,39.15057809074239,1,70,100
10066,天津市南开区宜君里,"(117.1285559746483, 39.15057809074239)",117.1285559746483,39.15057809074239,1,70,100
10067,天津市滨海新区宜和澜岸,"(117.74254868902374, 39.13447543203035)",117.74254868902374,39.13447543203035,1,70,100
10068,天津市和平区宜天花园,"(117.19123712804857, 39.12899456597379)",117.19123712804857,39.12899456597379,1,70,100
10069,天津市南开区宜宾东里,"(117.15327500668856, 39.13292213801769)",117.15327500668856,39.13292213801769,1,70,100
10070,天津市南开区宜宾北里,"(117.15167332796426, 39.1343838487419)",117.15167332796426,39.1343838487419,1,70,100
10071,天津市红桥区宜宾楼,"(117.1679164881957, 39.18475666047398)",117.1679164881957,39.18475666047398,1,70,100
10072,天津市南开区宜宾西里,"(117.1502816730682, 39.13313301469634)",117.1502816730682,39.13313301469634,1,70,100
10073,天津市南开区宜宾道,"(117.14409719895423, 39.13396140265282)",117.14409719895423,39.13396140265282,0,30,100
10074,天津市南开区宜川北里,"(117.15863896854974, 39.145229721307395)",117.15863896854974,39.145229721307395,1,70,100
10075,天津市和平区宜昌北里,"(117.19390006490235, 39.114145335329965)",117.19390006490235,39.114145335329965,1,70,100
10076,天津市和平区宜昌南里(和平区),"(117.19364638342634, 39.1133820787925)",117.19364638342634,39.1133820787925,1,70,100
10077,天津市塘沽区宜昌南里(塘沽区),"(117.6652339592048, 39.0412640922756)",117.6652339592048,39.0412640922756,0,50,100
10078,天津市和平区宜昌道,"(117.19638765252058, 39.11505771899077)",117.19638765252058,39.11505771899077,0,30,100
10079,天津市塘沽区宜昌里,"(117.66642412417497, 39.044328832781396)",117.66642412417497,39.044328832781396,1,70,100
10080,天津市北辰区宜景园,"(117.22567663418175, 39.19526476294438)",117.22567663418175,39.19526476294438,1,70,100
10081,天津市河北区宜清花园,"(117.21791455593113, 39.19622620681453)",117.21791455593113,39.19622620681453,1,70,100
10082,天津市北辰区宜白北里,"(117.21289401626643, 39.19764514063941)",117.21289401626643,39.19764514063941,1,70,100
10083,天津市河北区宜白南里,"(117.21699352329176, 39.19792607199038)",117.21699352329176,39.19792607199038,1,70,100
10084,天津市河北区宜白楼,"(0, 0)",0.0,0.0,0,0,0
10085,天津市滨海新区宜禾一墅,"(117.76084097395396, 39.13670809610431)",117.76084097395396,39.13670809610431,1,70,100
10086,天津市滨海新区宜禾汇,"(117.75107872865483, 39.12381262334844)",117.75107872865483,39.12381262334844,1,75,100
10087,天津市滨海新区宜禾红橡公园,"(117.76557486433045, 39.123040445519536)",117.76557486433045,39.123040445519536,1,70,100
10088,天津市滨海新区宜禾红橡公园二期,"(117.76557486433045, 39.123040445519536)",117.76557486433045,39.123040445519536,1,70,100
10089,天津市滨海新区宜禾美嘉园,"(117.76317998184084, 39.128238118812575)",117.76317998184084,39.128238118812575,0,50,100
10090,天津市北辰区宜鹏园,"(117.21303810447023, 39.20536024056268)",117.21303810447023,39.20536024056268,1,70,100
10091,天津市津南区宝业馨苑,"(117.39806442595471, 38.98423325945069)",117.39806442595471,38.98423325945069,1,70,100
10092,天津市河北区宝兴里,"(117.20378708483682, 39.16429315296213)",117.20378708483682,39.16429315296213,1,70,100
10093,天津市蓟州区宝利BLOCK街区,"(117.4369149714641, 40.041729081824165)",117.4369149714641,40.041729081824165,1,70,100
10094,天津市河西区宝利亚大厦,"(117.22987010396344, 39.09753971990178)",117.22987010396344,39.09753971990178,1,75,100
10095,天津市河北区宝利园公寓,"(117.19844549078285, 39.18786237539747)",117.19844549078285,39.18786237539747,1,70,100
10096,天津市北辰区宝利新苑,"(117.20791884102997, 39.19951056231924)",117.20791884102997,39.19951056231924,1,70,100
10097,天津市河西区宝和里,"(117.22778064534724, 39.111496996791715)",117.22778064534724,39.111496996791715,1,70,100
10098,天津市津南区宝喜家园,"(117.28650072060127, 39.05320620496442)",117.28650072060127,39.05320620496442,1,70,100
10099,天津市宝坻区宝地经典,"(117.30167085490102, 39.71014457307571)",117.30167085490102,39.71014457307571,0,50,100
10100,天津市宝坻区宝坻·万科城市之光,"(117.34842702788151, 39.73039105722196)",117.34842702788151,39.73039105722196,1,70,100
10101,天津市宝坻区宝坻书香园,"(117.29685944075904, 39.71898374812801)",117.29685944075904,39.71898374812801,1,70,100
10102,天津市宝坻区宝坻金辉城中央云著,"(117.31714937748235, 39.700302351502415)",117.31714937748235,39.700302351502415,1,70,100
10103,天津市蓟州区宝塔里,"(117.45070171527848, 40.054554898727105)",117.45070171527848,40.054554898727105,1,70,100
10104,天津市宝坻区宝境栖园,"(117.34531403996723, 39.737940105012186)",117.34531403996723,39.737940105012186,1,70,100
10105,天津市宝坻区宝境棠棣,"(117.30026698305004, 39.72828008230922)",117.30026698305004,39.72828008230922,1,70,100
10106,天津市宝坻区宝境檀香,"(117.28254512211863, 39.699110983153076)",117.28254512211863,39.699110983153076,1,70,100
10107,天津市西青区宝安江南城,"(117.00976117943118, 39.12989640037786)",117.00976117943118,39.12989640037786,1,70,100
10108,天津市宝坻区宝平景苑,"(117.30170579898537, 39.713237855706915)",117.30170579898537,39.713237855706915,1,70,100
10109,天津市宝坻区宝平景苑西区,"(117.29753864955512, 39.714702542132635)",117.29753864955512,39.714702542132635,1,70,100
10110,天津市西青区宝庆里,"(117.04755909054396, 39.06752633568878)",117.04755909054396,39.06752633568878,1,70,100
10111,天津市河西区宝德里,"(117.22521499498019, 39.11543206088529)",117.22521499498019,39.11543206088529,1,70,100
10112,天津市宝坻区宝星花园,"(117.2859279610081, 39.66087334936319)",117.2859279610081,39.66087334936319,1,70,100
10113,天津市河西区宝澜园,"(117.24342400698964, 39.09805709725202)",117.24342400698964,39.09805709725202,1,70,100
10114,天津市津南区宝福家园,"(117.28476474520323, 39.05287853084846)",117.28476474520323,39.05287853084846,1,70,100
10115,天津市宝坻区宝税公寓,"(117.32870419142665, 39.72215966946414)",117.32870419142665,39.72215966946414,1,70,100
10116,天津市宝坻区宝翔景苑,"(117.25244434176808, 39.59628901048322)",117.25244434176808,39.59628901048322,1,70,100
10117,天津市北辰区宝翠花都听景园,"(117.12284203296042, 39.20417540078135)",117.12284203296042,39.20417540078135,0,50,100
10118,天津市北辰区宝翠花都探景园,"(117.11533094126929, 39.20159065795471)",117.11533094126929,39.20159065795471,1,70,100
10119,天津市北辰区宝翠花都焕景园,"(117.11625934001387, 39.2058828301386)",117.11625934001387,39.2058828301386,1,70,100
10120,天津市北辰区宝翠花都瞰景园,"(117.11422315091438, 39.20357088149974)",117.11422315091438,39.20357088149974,1,70,100
10121,天津市津南区宝聚家园,"(117.28385395324668, 39.054917328197234)",117.28385395324668,39.054917328197234,1,70,100
10122,天津市东丽区宝能城,"(117.33396871086786, 39.18806385792028)",117.33396871086786,39.18806385792028,1,70,100
10123,天津市宝坻区宝鑫景苑,"(117.33030308540386, 39.74114808872548)",117.33030308540386,39.74114808872548,1,70,100
10124,天津市滨海新区宝龙南苑,"(117.76756002967696, 39.102141520892964)",117.76756002967696,39.102141520892964,1,70,100
10125,天津市塘沽区宝龙国际中心,"(117.68770174780651, 39.013015892177506)",117.68770174780651,39.013015892177506,0,50,100
10126,天津市滨海新区宝龙城,"(117.76988457484512, 39.10264311506737)",117.76988457484512,39.10264311506737,1,70,100
10127,天津市滨海新区宝龙官邸,"(117.77418997349334, 39.098950090934196)",117.77418997349334,39.098950090934196,1,70,100
10128,天津市南开区宝龙湾家园,"(117.17228279195749, 39.14672454154831)",117.17228279195749,39.14672454154831,1,70,100
10129,天津市宝坻区实地·海棠雅著,"(117.3589099836913, 39.554255075939544)",117.3589099836913,39.554255075939544,1,70,100
10130,天津市南开区实泽园,"(117.15019561540035, 39.11628137355368)",117.15019561540035,39.11628137355368,1,70,100
10131,天津市津南区宣惠园社区,"(117.40808071205208, 38.96637485211084)",117.40808071205208,38.96637485211084,1,70,100
10132,天津市河东区宫前东园,"(117.24724746473177, 39.11530903006318)",117.24724746473177,39.11530903006318,1,70,100
10133,天津市河东区宫前园,"(117.24609682520403, 39.115904516824855)",117.24609682520403,39.115904516824855,1,70,100
10134,天津市南开区宫民里,"(0, 0)",0.0,0.0,0,0,0
10135,天津市西青区家兴里,"(117.031028742041, 39.08470507266832)",117.031028742041,39.08470507266832,1,70,100
10136,天津市西青区家华里,"(117.03966136816133, 39.07494652740573)",117.03966136816133,39.07494652740573,1,70,100
10137,天津市西青区家合里,"(117.03718231444546, 39.078327197816336)",117.03718231444546,39.078327197816336,0,50,100
10138,天津市蓟州区家和康平里,"(117.44155831264518, 40.063481749588945)",117.44155831264518,40.063481749588945,1,70,100
10139,天津市西青区家泰里,"(117.03011687211783, 39.08266420195797)",117.03011687211783,39.08266420195797,1,70,100
10140,天津市津南区家福园,"(117.30257895194106, 39.059113182095615)",117.30257895194106,39.059113182095615,1,70,100
10141,天津市西青区家诚里,"(117.03336325840034, 39.0808060189388)",117.03336325840034,39.0808060189388,1,70,100
10142,天津市西青区家贤里,"(117.03351623982869, 39.0871463516655)",117.03351623982869,39.0871463516655,0,50,100
10143,天津市滨海新区宸和园,"(117.77898503847506, 39.14158323018706)",117.77898503847506,39.14158323018706,1,70,100
10144,天津市北辰区宸宜花园,"(117.20080066816891, 39.21345319456861)",117.20080066816891,39.21345319456861,1,70,100
10145,天津市武清区宸峰家园,"(117.08173530333218, 39.38786535921944)",117.08173530333218,39.38786535921944,1,70,100
10146,天津市北辰区宸欣家园,"(117.19857098406258, 39.2163270897604)",117.19857098406258,39.2163270897604,1,70,100
10147,天津市河北区容和里,"(117.21314212824828, 39.17136337146217)",117.21314212824828,39.17136337146217,1,70,100
10148,天津市河北区容彩公寓,"(117.23769775851629, 39.16633415832003)",117.23769775851629,39.16633415832003,1,70,100
10149,天津市河北区容彩里,"(117.2357494236957, 39.164912069580396)",117.2357494236957,39.164912069580396,0,50,100
10150,天津市河西区宽福里,"(117.2915456043453, 39.066658852788066)",117.2915456043453,39.066658852788066,1,70,100
10151,天津市河西区宾水东里,"(117.19892599440014, 39.08784380429832)",117.19892599440014,39.08784380429832,0,50,100
10152,天津市河西区宾水北里,"(117.19496698235655, 39.08720698173265)",117.19496698235655,39.08720698173265,0,50,100
10153,天津市河西区宾水南里,"(117.20059836976806, 39.086356895787226)",117.20059836976806,39.086356895787226,1,70,100
10154,天津市河西区宾水西里,"(117.19868111631811, 39.08594368111529)",117.19868111631811,39.08594368111529,0,50,100
10155,天津市河西区宾水道,"(117.20060286129561, 39.088506174829455)",117.20060286129561,39.088506174829455,0,30,100
10156,天津市河西区宾水道小区,"(117.19818210760732, 39.087075429822825)",117.19818210760732,39.087075429822825,0,50,100
10157,天津市河西区宾水里,"(117.19048084463972, 39.08270572151686)",117.19048084463972,39.08270572151686,1,70,100
10158,天津市河西区宾泰公寓,"(117.20247537913116, 39.08873076749345)",117.20247537913116,39.08873076749345,1,70,100
10159,天津市河西区宾西楼,"(117.21084875428132, 39.08846640897092)",117.21084875428132,39.08846640897092,1,70,100
10160,天津市河西区宾西路23号,"(117.20794129866772, 39.08866929862528)",117.20794129866772,39.08866929862528,1,80,100
10161,天津市河西区宾西路5号,"(117.21250082794472, 39.08430165027178)",117.21250082794472,39.08430165027178,0,80,99
10162,天津市河西区宾馆南道,"(117.20957792147635, 39.087355126109856)",117.20957792147635,39.087355126109856,0,30,100
10163,天津市河西区宾馆温泉公寓,"(117.20825723271558, 39.08933943239128)",117.20825723271558,39.08933943239128,1,75,100
10164,天津市南开区密云里,"(117.13374566524054, 39.14886175221962)",117.13374566524054,39.14886175221962,1,70,100
10165,天津市武清区富丽湾花园,"(117.08289546489831, 39.32956088147899)",117.08289546489831,39.32956088147899,1,70,100
10166,天津市武清区富兴御园,"(117.08267538004837, 39.3331584680566)",117.08267538004837,39.3331584680566,1,70,100
10167,天津市武清区富兴领寓,"(117.08777829432834, 39.33612731666075)",117.08777829432834,39.33612731666075,1,70,100
10168,天津市南开区富力华庭,"(117.17912311892432, 39.150611246151186)",117.17912311892432,39.150611246151186,0,50,100
10169,天津市津南区富力又一城,"(117.40119097828219, 39.00732210264401)",117.40119097828219,39.00732210264401,1,70,100
10170,天津市津南区富力又一城合力园,"(117.39779897667653, 39.00659013362492)",117.39779897667653,39.00659013362492,1,70,100
10171,天津市津南区富力又一城合安园,"(117.40126275289244, 39.00813382723991)",117.40126275289244,39.00813382723991,1,70,100
10172,天津市津南区富力又一城合雅园,"(117.40370273031864, 39.00479547000226)",117.40370273031864,39.00479547000226,1,70,100
10173,天津市南开区富力城天康园,"(117.18033789746546, 39.150799056555606)",117.18033789746546,39.150799056555606,1,70,100
10174,天津市南开区富力城天越园,"(117.18052932636962, 39.14890533096645)",117.18052932636962,39.14890533096645,1,70,100
10175,天津市南开区富力城天霖园,"(117.18059723826619, 39.14611749547333)",117.18059723826619,39.14611749547333,1,70,100
10176,天津市津南区富力桃园天域园,"(117.28108914854806, 39.039815637513854)",117.28108914854806,39.039815637513854,1,70,100
10177,天津市津南区富力桃园天富园,"(117.27841138965337, 39.038776654909704)",117.27841138965337,39.038776654909704,1,70,100
10178,天津市西青区富力津门湖云舒花园,"(117.20989825722121, 39.060475931274496)",117.20989825722121,39.060475931274496,1,70,100
10179,天津市西青区富力津门湖景尚嘉郡,"(117.20942413157304, 39.05709769069419)",117.20942413157304,39.05709769069419,1,70,100
10180,天津市西青区富力津门湖柏溪花园,"(117.21030078792023, 39.0667300754511)",117.21030078792023,39.0667300754511,1,70,100
10181,天津市西青区富力津门湖棕榈花园,"(117.21604913470914, 39.06669393888778)",117.21604913470914,39.06669393888778,1,70,100
10182,天津市西青区富力津门湖橘墅花园,"(117.2113114714495, 39.05524450247072)",117.2113114714495,39.05524450247072,1,70,100
10183,天津市西青区富力津门湖江湾广场,"(117.21481899514376, 39.069007201578046)",117.21481899514376,39.069007201578046,0,50,100
10184,天津市西青区富力津门湖清溪园,"(117.2125615533972, 39.06007278944729)",117.2125615533972,39.06007278944729,1,70,100
10185,天津市西青区富力津门湖澄澜花园,"(117.20968149610164, 39.05388809562946)",117.20968149610164,39.05388809562946,1,70,100
10186,天津市西青区富力津门湖红树花园,"(117.21604913470914, 39.06669393888778)",117.21604913470914,39.06669393888778,1,70,100
10187,天津市西青区富力津门湖芳堤花园,"(117.21103883572724, 39.0580657305528)",117.21103883572724,39.0580657305528,1,70,100
10188,天津市西青区富力津门湖西子花园,"(117.20969757577028, 39.05270390611569)",117.20969757577028,39.05270390611569,1,70,100
10189,天津市西青区富力津门湖观鹭花园,"(117.21030078792023, 39.0667300754511)",117.21030078792023,39.0667300754511,1,70,100
10190,天津市西青区富力津门湖鸣泉花园,"(117.21014322513378, 39.063068422361034)",117.21014322513378,39.063068422361034,1,70,100
10191,天津市西青区富力津门湖黛湖花园,"(117.21141917828015, 39.05343833572137)",117.21141917828015,39.05343833572137,1,70,100
10192,天津市西青区富力湾天阔园,"(117.09570458282619, 39.13924249471441)",117.09570458282619,39.13924249471441,0,50,100
10193,天津市南开区富力盈利大厦,"(117.18202006436344, 39.15152126504187)",117.18202006436344,39.15152126504187,1,75,100
10194,天津市河东区富华小区(河东),"(117.25892992788903, 39.103949300929884)",117.25892992788903,39.103949300929884,1,70,100
10195,天津市静海区富华小区(静海),"(116.93078224882446, 38.93549966560745)",116.93078224882446,38.93549966560745,1,70,100
10196,天津市河西区富华梅江公馆,"(117.23064606026297, 39.07985551813944)",117.23064606026297,39.07985551813944,1,70,100
10197,天津市北辰区富宜里,"(117.21198942261788, 39.20061719574556)",117.21198942261788,39.20061719574556,1,70,100
10198,天津市北辰区富山花园,"(117.12851016106728, 39.210078221985825)",117.12851016106728,39.210078221985825,1,70,100
10199,天津市南开区富平里,"(117.1404275311154, 39.14698084519735)",117.1404275311154,39.14698084519735,1,70,100
10200,天津市河北区富方园,"(117.22251307166727, 39.16613037516753)",117.22251307166727,39.16613037516753,1,70,100
10201,天津市红桥区富景花园,"(117.17529328321308, 39.14969317125968)",117.17529328321308,39.14969317125968,0,50,100
10202,天津市河东区富民东里,"(117.26177369364197, 39.10429262476488)",117.26177369364197,39.10429262476488,1,70,100
10203,天津市河东区富民公寓,"(117.26286387720887, 39.09432364837523)",117.26286387720887,39.09432364837523,1,70,100
10204,天津市河东区富民河畔家园,"(117.2692768802446, 39.09788244519873)",117.2692768802446,39.09788244519873,1,70,100
10205,天津市河东区富民路120号,"(117.257896786722, 39.107336968993565)",117.257896786722,39.107336968993565,1,80,100
10206,天津市河东区富民路15号,"(117.26765373201862, 39.09383011510405)",117.26765373201862,39.09383011510405,1,80,100
10207,天津市河东区富民路94号院,"(117.26028484208973, 39.09619302282296)",117.26028484208973,39.09619302282296,1,80,100
10208,天津市武清区富民里,"(117.0611526986737, 39.36876127092454)",117.0611526986737,39.36876127092454,1,70,100
10209,天津市红桥区富泰兴园,"(117.15153274315195, 39.15820656736059)",117.15153274315195,39.15820656736059,1,70,100
10210,天津市河西区富润里,"(117.1962409592308, 39.0761850985184)",117.1962409592308,39.0761850985184,1,70,100
10211,天津市津南区富源里(津南区),"(117.39240756978539, 38.982167537476464)",117.39240756978539,38.982167537476464,0,30,100
10212,天津市河西区富满里,"(117.19759802936474, 39.07629111268917)",117.19759802936474,39.07629111268917,1,70,100
10213,天津市河北区富瀛洲花园,"(117.23308495972255, 39.18746311389657)",117.23308495972255,39.18746311389657,1,70,100
10214,天津市南开区富祥园,"(117.14330956468308, 39.11294466871263)",117.14330956468308,39.11294466871263,1,70,100
10215,天津市河北区富秀园,"(117.22491801517859, 39.1667875981749)",117.22491801517859,39.1667875981749,1,70,100
10216,天津市河西区富裕大厦,"(117.23684499709567, 39.10611217794964)",117.23684499709567,39.10611217794964,1,70,100
10217,天津市蓟州区富裕家园,"(117.41792209806663, 40.06113473434304)",117.41792209806663,40.06113473434304,1,70,100
10218,天津市河西区富裕广场,"(117.23522068107252, 39.1074941696048)",117.23522068107252,39.1074941696048,1,75,100
10219,天津市河西区富诚东里,"(117.19622757447871, 39.075035317606456)",117.19622757447871,39.075035317606456,0,50,100
10220,天津市河西区富诚里,"(117.19548602328021, 39.07485612654146)",117.19548602328021,39.07485612654146,0,50,100
10221,天津市河东区富豪新开门,"(117.23642387147258, 39.137114714254736)",117.23642387147258,39.137114714254736,1,70,100
10222,天津市塘沽区富贵嘉园,"(117.70814403714434, 39.01347509270208)",117.70814403714434,39.01347509270208,1,70,100
10223,天津市河北区富贾花园,"(117.22099008450566, 39.17287161717803)",117.22099008450566,39.17287161717803,1,70,100
10224,天津市滨海新区富达花园,"(117.823450352744, 39.26081525703887)",117.823450352744,39.26081525703887,1,70,100
10225,天津市河西区富达里,"(117.2002288967118, 39.07709475650091)",117.2002288967118,39.07709475650091,1,70,100
10226,天津市河西区富邦花园,"(117.2277189317587, 39.11240808528099)",117.2277189317587,39.11240808528099,1,70,100
10227,天津市北辰区富锦华庭,"(117.13296027673316, 39.24607923088256)",117.13296027673316,39.24607923088256,1,70,100
10228,天津市塘沽区富锦家园,"(132.03773296324283, 47.24937894055953)",132.03773296324283,47.24937894055953,1,70,100
10229,天津市河西区富锦里,"(117.19956513877047, 39.076953522563684)",117.19956513877047,39.076953522563684,1,70,100
10230,天津市北辰区富雅苑,"(117.21527964620928, 39.319476584302976)",117.21527964620928,39.319476584302976,0,50,100
10231,天津市河西区富顺里,"(117.1972171478285, 39.07403572110629)",117.1972171478285,39.07403572110629,1,70,100
10232,天津市和平区富顿大厦,"(117.19035723780155, 39.13633162939163)",117.19035723780155,39.13633162939163,0,50,100
10233,天津市蓟州区富龙湾家园,"(117.3984323718916, 40.04507431706669)",117.3984323718916,40.04507431706669,1,70,100
10234,天津市和平区察哈尔路,"(117.1964704762886, 39.131846475139554)",117.1964704762886,39.131846475139554,0,30,100
10235,天津市河西区寿园里,"(117.2071022813214, 39.082507995774606)",117.2071022813214,39.082507995774606,0,50,100
10236,天津市河北区寿安街,"(117.20444096141755, 39.14422560161388)",117.20444096141755,39.14422560161388,0,30,100
10237,天津市和平区寿安里,"(117.19979708125315, 39.1145807083546)",117.19979708125315,39.1145807083546,1,70,100
10238,天津市南开区寿康里,"(117.17936134954556, 39.13544974764791)",117.17936134954556,39.13544974764791,1,70,100
10239,天津市和平区寿荫里,"(117.20027050801964, 39.12713449739117)",117.20027050801964,39.12713449739117,0,30,100
10240,天津市开发区尊品庭苑,"(117.71645390209493, 39.0268765785354)",117.71645390209493,39.0268765785354,1,70,100
10241,天津市和平区尊德里,"(117.2078190392878, 39.1299241780081)",117.2078190392878,39.1299241780081,1,70,100
10242,天津市和平区尊德里2号,"(117.2076867188862, 39.13005201093993)",117.2076867188862,39.13005201093993,1,75,100
10243,天津市和平区尊贤里,"(0, 0)",0.0,0.0,0,0,0
10244,天津市东丽区小东庄东盛园,"(117.30652314194371, 39.146721323756346)",117.30652314194371,39.146721323756346,1,70,100
10245,天津市津南区小站福润庭苑,"(117.43821284326492, 38.92259316035975)",117.43821284326492,38.92259316035975,1,70,100
10246,天津市西青区小镇西西里瑞国里,"(117.11972024165215, 39.03784092684747)",117.11972024165215,39.03784092684747,1,70,100
10247,天津市西青区小镇西西里瑞安里,"(117.11575799570875, 39.035945121433045)",117.11575799570875,39.035945121433045,1,70,100
10248,天津市西青区小镇西西里瑞民里,"(117.1187073123591, 39.03557764074464)",117.1187073123591,39.03557764074464,1,70,100
10249,天津市西青区小镇西西里瑞泰里,"(117.1152094005338, 39.038130908600415)",117.1152094005338,39.038130908600415,1,70,100
10250,天津市西青区小镇西西里聚贤里,"(117.11011771507269, 39.10475248707689)",117.11011771507269,39.10475248707689,1,75,100
10251,天津市河东区尚东雅园,"(117.2637575115302, 39.13003304941965)",117.2637575115302,39.13003304941965,1,70,100
10252,天津市河东区尚东馨园,"(117.25778306124444, 39.13137657584122)",117.25778306124444,39.13137657584122,1,70,100
10253,天津市南开区尚佳新苑,"(117.18518901671099, 39.15095511017951)",117.18518901671099,39.15095511017951,1,70,100
10254,天津市南开区尚佳新苑公寓,"(117.157766624069, 39.10093140838633)",117.157766624069,39.10093140838633,1,70,100
10255,天津市塘沽区尚北园,"(117.66453633514575, 39.06942142664098)",117.66453633514575,39.06942142664098,1,70,100
10256,天津市和平区尚友村,"(117.21320141641193, 39.120176700377826)",117.21320141641193,39.120176700377826,1,70,100
10257,天津市和平区尚友里,"(117.20484843279687, 39.12125121336837)",117.20484843279687,39.12125121336837,1,70,100
10258,天津市河西区尚品嘉园,"(117.2253068018033, 39.117104712707885)",117.2253068018033,39.117104712707885,1,70,100
10259,天津市蓟州区尚品园,"(117.44431521225529, 40.050474537783316)",117.44431521225529,40.050474537783316,1,70,100
10260,天津市武清区尚园,"(117.07157160530063, 39.36655863609767)",117.07157160530063,39.36655863609767,1,70,100
10261,天津市塘沽区尚海园,"(117.72851527051631, 39.01035307261595)",117.72851527051631,39.01035307261595,1,70,100
10262,天津市武清区尚港华府,"(116.95011396306029, 39.241011119045744)",116.95011396306029,39.241011119045744,1,70,100
10263,天津市静海区尚皇公寓,"(116.93115109306686, 39.02405752816651)",116.93115109306686,39.02405752816651,1,70,100
10264,天津市红桥区尚都家园,"(117.18923588303345, 39.159592983956344)",117.18923588303345,39.159592983956344,1,70,100
10265,天津市塘沽区居仁街,"(117.67233443544734, 39.02506267312162)",117.67233443544734,39.02506267312162,0,30,100
10266,天津市南开区居华里,"(117.15070657157443, 39.0847059828516)",117.15070657157443,39.0847059828516,1,70,100
10267,天津市南开区居瑞里,"(117.16599698898196, 39.13823591026307)",117.16599698898196,39.13823591026307,1,70,100
10268,天津市南开区居祥公寓,"(117.18335656330119, 39.09625742518653)",117.18335656330119,39.09625742518653,1,70,100
10269,天津市南开区居祥南里,"(117.18335656330119, 39.09625742518653)",117.18335656330119,39.09625742518653,1,70,100
10270,天津市南开区居祥西里,"(117.18382970081329, 39.09521311954511)",117.18382970081329,39.09521311954511,1,70,100
10271,天津市南开区居祥里,"(117.18307206994618, 39.096595046606964)",117.18307206994618,39.096595046606964,0,50,100
10272,天津市南开区居贤里,"(117.18516853534537, 39.09379161236199)",117.18516853534537,39.09379161236199,1,70,100
10273,天津市河北区屏花里,"(117.2327422561705, 39.165337895012414)",117.2327422561705,39.165337895012414,1,70,100
10274,天津市和平区山东路,"(117.20397258492463, 39.13145801781623)",117.20397258492463,39.13145801781623,0,30,100
10275,天津市和平区山东路(和平区) ,"(117.20397258492463, 39.13145801781623)",117.20397258492463,39.13145801781623,0,30,100
10276,天津市蓟州区山水和苑,"(117.46713801119455, 40.0648803115945)",117.46713801119455,40.0648803115945,0,50,100
10277,天津市蓟州区山水颐城北园,"(117.45385494727961, 40.059998609432405)",117.45385494727961,40.059998609432405,1,70,100
10278,天津市南开区山海天家园,"(117.16620171280769, 39.0851554018984)",117.16620171280769,39.0851554018984,1,70,100
10279,天津市河北区山海花园,"(117.19300157973129, 39.186098924052104)",117.19300157973129,39.186098924052104,1,70,100
10280,天津市蓟州区山澜乡韵,"(0, 0)",0.0,0.0,0,0,0
10281,天津市和平区山西路,"(117.20393072388786, 39.12783494753168)",117.20393072388786,39.12783494753168,0,30,100
10282,天津市和平区山西路184号,"(117.2058326163136, 39.12695743670597)",117.2058326163136,39.12695743670597,1,80,100
10283,天津市和平区山西路69号,"(117.19872010277724, 39.130176065334844)",117.19872010277724,39.130176065334844,1,80,100
10284,天津市和平区山西路71号,"(117.19872881634069, 39.13012855665576)",117.19872881634069,39.13012855665576,1,80,100
10285,天津市河北区屹东里,"(117.24220698268472, 39.16519837785133)",117.24220698268472,39.16519837785133,1,70,100
10286,天津市河西区岩峰南里,"(117.25372451695036, 39.070756944384385)",117.25372451695036,39.070756944384385,1,70,100
10287,天津市东丽区岭华里,"(117.38699487664691, 39.172547650230946)",117.38699487664691,39.172547650230946,1,70,100
10288,天津市东丽区岭昌里,"(117.38844734682598, 39.17302013940229)",117.38844734682598,39.17302013940229,1,70,100
10289,天津市东丽区岭明里,"(117.38844734682598, 39.17302013940229)",117.38844734682598,39.17302013940229,1,70,100
10290,天津市东丽区岭泽里,"(117.38556710986936, 39.17376386457816)",117.38556710986936,39.17376386457816,0,50,100
10291,天津市东丽区岭盛里,"(117.3838791938161, 39.17503998228492)",117.3838791938161,39.17503998228492,1,70,100
10292,天津市宝坻区岳园小区,"(117.30951467895304, 39.7281712473804)",117.30951467895304,39.7281712473804,1,70,100
10293,天津市和平区岳康园,"(117.20504974306165, 39.12036312309332)",117.20504974306165,39.12036312309332,1,70,100
10294,天津市和平区岳阳道,"(117.20319483201409, 39.11684445040616)",117.20319483201409,39.11684445040616,0,30,100
10295,天津市和平区岳阳里,"(117.20157123463535, 39.1162772445866)",117.20157123463535,39.1162772445866,1,70,100
10296,天津市塘沽区岳阳里(塘沽区),"(117.20157123463535, 39.1162772445866)",117.20157123463535,39.1162772445866,1,70,100
10297,天津市塘沽区岷江西里,"(117.6444629798809, 39.05164452074809)",117.6444629798809,39.05164452074809,1,70,100
10298,天津市塘沽区岷江里,"(117.64724898458954, 39.05055787059304)",117.64724898458954,39.05055787059304,1,70,100
10299,天津市河北区岷江里(河北区),"(117.25440785795179, 39.16048470181251)",117.25440785795179,39.16048470181251,0,50,100
10300,天津市滨海新区峰尚花园,"(117.79005530642726, 39.25133947230728)",117.79005530642726,39.25133947230728,1,70,100
10301,天津市蓟州区峰景苑,"(117.44307294556555, 40.05539489577469)",117.44307294556555,40.05539489577469,0,50,100
10302,天津市蓟州区峰景苑三期,"(117.44307294556555, 40.05539489577469)",117.44307294556555,40.05539489577469,0,50,57
10303,天津市河西区峰汇国际公寓,"(117.2134717165399, 39.10270961137354)",117.2134717165399,39.10270961137354,1,70,100
10304,天津市和平区崇仁里,"(117.20892081099579, 39.12600420437942)",117.20892081099579,39.12600420437942,1,70,100
10305,天津市塘沽区崇安里,"(117.65534029180957, 39.02964786854929)",117.65534029180957,39.02964786854929,1,70,100
10306,天津市和平区崇德里,"(117.22315302451258, 39.123545038631114)",117.22315302451258,39.123545038631114,1,70,100
10307,天津市河西区崇敬里,"(117.20575733831186, 39.108543751092014)",117.20575733831186,39.108543751092014,1,70,100
10308,天津市河西区崇明里,"(117.22545358492363, 39.11896305115008)",117.22545358492363,39.11896305115008,1,70,100
10309,天津市宝坻区嵘园,"(117.3785213404324, 39.5369467682096)",117.3785213404324,39.5369467682096,1,75,100
10310,天津市河北区嵩山里,"(117.24223204540846, 39.15958626980221)",117.24223204540846,39.15958626980221,1,70,100
10311,天津市南开区川东里,"(117.13774195696277, 39.13174411348606)",117.13774195696277,39.13174411348606,1,70,100
10312,天津市河北区川云里,"(117.2026551300637, 39.15860991301083)",117.2026551300637,39.15860991301083,1,70,100
10313,天津市南开区川北里,"(117.13236218492462, 39.13386282220241)",117.13236218492462,39.13386282220241,0,50,100
10314,天津市南开区川南公寓,"(117.13364712112609, 39.12948953029629)",117.13364712112609,39.12948953029629,1,70,100
10315,天津市南开区川南里,"(117.13434303840468, 39.1290620867587)",117.13434303840468,39.1290620867587,1,70,100
10316,天津市东丽区川合小区,"(117.2962169726583, 39.13503010655436)",117.2962169726583,39.13503010655436,1,70,100
10317,天津市河西区川江里,"(117.26053007949395, 39.065537348913274)",117.26053007949395,39.065537348913274,1,70,100
10318,天津市塘沽区州山街,"(0, 0)",0.0,0.0,0,0,0
10319,天津市蓟州区州河湾东园,"(0, 0)",0.0,0.0,0,0,0
10320,天津市蓟州区州河湾北园南区,"(0, 0)",0.0,0.0,0,0,0
10321,天津市蓟州区州河湾南园,"(0, 0)",0.0,0.0,0,0,0
10322,天津市蓟州区州河湾西园东区,"(0, 0)",0.0,0.0,0,0,0
10323,天津市蓟州区州河湾西园西区,"(0, 0)",0.0,0.0,0,0,0
10324,天津市河东区工业大学家属院,"(117.2463097236099, 39.14149347510747)",117.2463097236099,39.14149347510747,0,50,100
10325,天津市武清区工商局宿舍楼,"(117.06705878791016, 39.62481537833064)",117.06705878791016,39.62481537833064,0,50,100
10326,天津市宝坻区工商局楼,"(0, 0)",0.0,0.0,0,0,0
10327,天津市河北区工程里,"(117.22485450497902, 39.17783729045617)",117.22485450497902,39.17783729045617,1,70,100
10328,天津市武清区工程队宿舍,"(117.08765837054277, 39.38488262303038)",117.08765837054277,39.38488262303038,0,50,100
10329,天津市南开区左云里,"(117.14666689169606, 39.137156971063675)",117.14666689169606,39.137156971063675,1,70,100
10330,天津市海河教育园区左岸名邸,"(117.38247963383155, 38.99937159756131)",117.38247963383155,38.99937159756131,1,70,100
10331,天津市红桥区巧工里,"(117.1424852795471, 39.159846862435664)",117.1424852795471,39.159846862435664,1,70,100
10332,天津市塘沽区巨川国际大厦,"(117.67762752100377, 39.00326081535652)",117.67762752100377,39.00326081535652,1,75,100
10333,天津市河东区巨福公寓,"(0, 0)",0.0,0.0,0,0,0
10334,天津市河东区巨福园,"(117.22184697813164, 39.1488082405591)",117.22184697813164,39.1488082405591,1,70,100
10335,天津市河东区巨福园公寓,"(117.25877245493312, 39.102882291485905)",117.25877245493312,39.102882291485905,1,70,100
10336,天津市河东区巨福新园,"(117.22319030419125, 39.14483147492223)",117.22319030419125,39.14483147492223,1,70,100
10337,天津市河北区巨腾公寓,"(117.2131114960304, 39.16759656559986)",117.2131114960304,39.16759656559986,1,70,100
10338,天津市河东区市政楼,"(117.23843383005116, 39.14352430421485)",117.23843383005116,39.14352430421485,1,70,100
10339,天津市和平区市政里,"(117.1945078584104, 39.124104698175096)",117.1945078584104,39.124104698175096,1,70,100
10340,天津市南开区师北里,"(117.18557816265792, 39.12259259946156)",117.18557816265792,39.12259259946156,1,70,100
10341,天津市武清区师大公寓,"(117.07939360052876, 39.37889264240212)",117.07939360052876,39.37889264240212,1,70,100
10342,天津市东丽区帝达东谷国际,"(117.38158599951024, 39.07790609338429)",117.38158599951024,39.07790609338429,0,50,100
10343,天津市河东区常州里,"(117.24936351319107, 39.15215981003061)",117.24936351319107,39.15215981003061,1,70,100
10344,天津市和平区常德道,"(117.20526973808104, 39.11414204605229)",117.20526973808104,39.11414204605229,0,30,100
10345,天津市东丽区常熟北里,"(117.34320077625502, 39.09099331633666)",117.34320077625502,39.09099331633666,1,70,100
10346,天津市东丽区常熟南里,"(117.34292131341087, 39.08987738301776)",117.34292131341087,39.08987738301776,1,70,100
10347,天津市河北区平云里,"(117.20911412634153, 39.16769628724882)",117.20911412634153,39.16769628724882,1,70,100
10348,天津市和平区平仪里,"(117.19499689593003, 39.1347027455712)",117.19499689593003,39.1347027455712,1,70,100
10349,天津市南开区平利里,"(117.14765466843484, 39.13906080967264)",117.14765466843484,39.13906080967264,1,70,100
10350,天津市河西区平安大厦,"(117.22035327572964, 39.11903310090026)",117.22035327572964,39.11903310090026,1,75,100
10351,天津市宝坻区平安家园,"(117.38085603645283, 39.755228076981844)",117.38085603645283,39.755228076981844,1,70,100
10352,天津市河北区平安街81号,"(117.20301579972596, 39.141997585149994)",117.20301579972596,39.141997585149994,1,80,100
10353,天津市和平区平安街（和平）,"(117.20267204066492, 39.140539278225795)",117.20267204066492,39.140539278225795,0,30,100
10354,天津市武清区平安里小区,"(117.05123980754054, 39.378905122067124)",117.05123980754054,39.378905122067124,1,70,100
10355,天津市南开区平定里,"(117.13848799968882, 39.14954662790239)",117.13848799968882,39.14954662790239,1,70,100
10356,天津市河西区平山公寓,"(117.18978861041373, 39.102590967919866)",117.18978861041373,39.102590967919866,1,70,100
10357,天津市河西区平山道,"(117.19337374770406, 39.10362081438593)",117.19337374770406,39.10362081438593,0,30,100
10358,天津市河西区平山里,"(117.1902180004475, 39.10058813804582)",117.1902180004475,39.10058813804582,1,70,100
10359,天津市和平区平川里,"(117.20327064899914, 39.11248716983324)",117.20327064899914,39.11248716983324,0,30,100
10360,天津市河西区平江北里,"(117.22823060657718, 39.091409931545975)",117.22823060657718,39.091409931545975,1,70,100
10361,天津市河西区平江南里,"(117.22822872013562, 39.08727349271585)",117.22822872013562,39.08727349271585,1,70,100
10362,天津市河西区平江道,"(117.22280753621345, 39.09013123490905)",117.22280753621345,39.09013123490905,0,30,100
10363,天津市河西区平江里,"(117.25953763156653, 39.06775393699485)",117.25953763156653,39.06775393699485,1,70,100
10364,天津市河西区平泉道,"(117.19176973338544, 39.101332354970225)",117.19176973338544,39.101332354970225,0,30,100
10365,天津市南开区平湖东里,"(117.16926035323861, 39.123727673708736)",117.16926035323861,39.123727673708736,1,70,100
10366,天津市南开区平湖西里,"(0, 0)",0.0,0.0,0,0,0
10367,天津市河东区平福里,"(117.24002320198996, 39.14845520247143)",117.24002320198996,39.14845520247143,1,70,100
10368,天津市南开区平遥里,"(117.13916487289059, 39.14829991271353)",117.13916487289059,39.14829991271353,1,70,100
10369,天津市滨海新区平阳里,"(117.83024944748792, 39.25094490513536)",117.83024944748792,39.25094490513536,1,70,100
10370,天津市南开区平陆东里,"(117.15718335430138, 39.147736739617066)",117.15718335430138,39.147736739617066,1,70,100
10371,天津市南开区平陆西里,"(117.15678603377431, 39.14699952230967)",117.15678603377431,39.14699952230967,1,70,100
10372,天津市河东区平顺里,"(0, 0)",0.0,0.0,0,0,0
10373,天津市河西区年德里,"(0, 0)",0.0,0.0,0,0,0
10374,天津市河西区幸福家园,"(117.26506795960815, 39.08244211040848)",117.26506795960815,39.08244211040848,1,70,100
10375,天津市塘沽区幸福家园（塘沽）,"(0, 0)",0.0,0.0,0,0,0
10376,天津市滨海新区幸福小区,"(117.4916167465109, 38.72317587702718)",117.4916167465109,38.72317587702718,1,70,100
10377,天津市塘沽区幸福楼（塘沽）,"(117.64058212041668, 39.043532799164936)",117.64058212041668,39.043532799164936,1,70,100
10378,天津市河北区幸福道统建楼,"(117.22665291261, 39.15808543032378)",117.22665291261,39.15808543032378,1,70,100
10379,天津市津南区幸福里(咸水沽),"(117.39072643773535, 38.99120033469351)",117.39072643773535,38.99120033469351,1,70,100
10380,天津市红桥区幸福里(红桥区),"(117.14724899366652, 39.157660120159264)",117.14724899366652,39.157660120159264,1,70,100
10381,天津市津南区幸福里小区,"(117.44139634816172, 38.92107635914509)",117.44139634816172,38.92107635914509,1,70,100
10382,天津市河东区广东山庄路,"(117.2488265061572, 39.13931805092685)",117.2488265061572,39.13931805092685,0,30,100
10383,天津市南开区广丰园,"(117.17506412547749, 39.145813550739035)",117.17506412547749,39.145813550739035,1,70,100
10384,天津市南开区广云花园,"(117.17018839266099, 39.13950575179342)",117.17018839266099,39.13950575179342,1,70,100
10385,天津市蓟州区广仁家园,"(117.41256711926056, 40.038326783728486)",117.41256711926056,40.038326783728486,1,70,100
10386,天津市武清区广厦东里,"(117.06482137837645, 39.37723443048622)",117.06482137837645,39.37723443048622,1,70,100
10387,天津市武清区广厦中里东区,"(117.06416031535166, 39.376179133340244)",117.06416031535166,39.376179133340244,0,50,100
10388,天津市武清区广厦中里西区,"(117.06060006112396, 39.37724321526547)",117.06060006112396,39.37724321526547,1,75,100
10389,天津市武清区广厦南里东区,"(117.06280171809837, 39.37609867463959)",117.06280171809837,39.37609867463959,0,50,100
10390,天津市武清区广厦南里中区,"(117.0648293732955, 39.373769096750706)",117.0648293732955,39.373769096750706,0,50,57
10391,天津市武清区广厦南里西区,"(117.05916097569698, 39.37597463976974)",117.05916097569698,39.37597463976974,1,70,100
10392,天津市塘沽区广厦富城,"(117.65223538864487, 39.06900706151843)",117.65223538864487,39.06900706151843,1,70,100
10393,天津市武清区广厦西里,"(117.0603822220378, 39.37919668544385)",117.0603822220378,39.37919668544385,1,70,100
10394,天津市河西区广发楼,"(117.22308178888564, 39.117724187672856)",117.22308178888564,39.117724187672856,1,70,100
10395,天津市河东区广宁路,"(117.27830107773674, 39.113008775705126)",117.27830107773674,39.113008775705126,0,30,100
10396,天津市河东区广宁里三条大楼,"(117.27767900117108, 39.11258326094312)",117.27767900117108,39.11258326094312,1,75,100
10397,天津市塘沽区广州道,"(117.660294267036, 39.046492782357234)",117.660294267036,39.046492782357234,0,30,100
10398,天津市塘沽区广州道63,"(117.65974073118073, 39.04606700306355)",117.65974073118073,39.04606700306355,1,80,100
10399,天津市津南区广建里,"(117.40114489520953, 38.991301219415895)",117.40114489520953,38.991301219415895,1,70,100
10400,天津市塘沽区广开里,"(0, 0)",0.0,0.0,0,0,0
10401,天津市和平区广德里,"(0, 0)",0.0,0.0,0,0,0
10402,天津市西青区广悦里,"(117.01006822025448, 39.14456781819634)",117.01006822025448,39.14456781819634,1,70,100
10403,天津市蓟州区广播电视局家属院,"(117.44116314805134, 40.05751030561438)",117.44116314805134,40.05751030561438,0,50,100
10404,天津市南开区广林园,"(117.17101276762749, 39.14209902234014)",117.17101276762749,39.14209902234014,1,70,100
10405,天津市西青区广汇园,"(117.01284542156912, 39.14577906394567)",117.01284542156912,39.14577906394567,1,70,100
10406,天津市南开区广泰园,"(117.17458416084351, 39.14202577770797)",117.17458416084351,39.14202577770797,1,70,100
10407,天津市南开区广泽名轩,"(117.1710504964589, 39.14070092505233)",117.1710504964589,39.14070092505233,1,70,100
10408,天津市南开区广灵里,"(117.1486063332921, 39.1396497976996)",117.1486063332921,39.1396497976996,1,70,100
10409,天津市河东区广瑞里,"(117.2793159833019, 39.11289042967198)",117.2793159833019,39.11289042967198,1,70,100
10410,天津市河西区广田里,"(117.22213048335057, 39.11750738605596)",117.22213048335057,39.11750738605596,1,70,100
10411,天津市东丽区广福家园,"(117.46292253292788, 39.052458604211466)",117.46292253292788,39.052458604211466,1,70,100
10412,天津市河北区广缘里,"(117.20971069103071, 39.16962565631091)",117.20971069103071,39.16962565631091,1,75,100
10413,天津市和平区广西路,"(117.20598514858919, 39.119041778386894)",117.20598514858919,39.119041778386894,0,30,100
10414,天津市塘沽区广达商城,"(117.65586876494109, 39.04354695032991)",117.65586876494109,39.04354695032991,1,70,100
10415,天津市红桥区广阳里,"(117.14593908457188, 39.15927958613547)",117.14593908457188,39.15927958613547,1,70,100
10416,天津市塘沽区庆丰园,"(117.67214686925685, 39.0514111231934)",117.67214686925685,39.0514111231934,1,70,100
10417,天津市蓟州区庆丰小区,"(117.39265150644324, 40.06332119817525)",117.39265150644324,40.06332119817525,1,70,100
10418,天津市红桥区庆丰里,"(117.15903449246579, 39.150496321323025)",117.15903449246579,39.150496321323025,1,70,100
10419,天津市和平区庆云里,"(117.21591780244357, 39.1213987957898)",117.21591780244357,39.1213987957898,1,70,100
10420,天津市和平区庆华里,"(117.20948916889195, 39.12265634772409)",117.20948916889195,39.12265634772409,1,70,100
10421,天津市和平区庆合里,"(117.20368602546695, 39.11878523223811)",117.20368602546695,39.11878523223811,1,70,100
10422,天津市和平区庆成里,"(117.19604396083247, 39.130266114833766)",117.19604396083247,39.130266114833766,1,70,100
10423,天津市和平区庆有东里,"(117.19545098936534, 39.13445213392482)",117.19545098936534,39.13445213392482,1,70,100
10424,天津市和平区庆有西里,"(117.19387760726461, 39.13466552469119)",117.19387760726461,39.13466552469119,1,70,100
10425,天津市和平区庆欣里,"(117.20559842806715, 39.13267725720042)",117.20559842806715,39.13267725720042,1,70,100
10426,天津市和平区庆泰里,"(117.20277181994945, 39.12771039918206)",117.20277181994945,39.12771039918206,1,70,100
10427,天津市红桥区庆玉里,"(117.15825368531652, 39.15069119678734)",117.15825368531652,39.15069119678734,1,70,100
10428,天津市河西区庆荣里,"(117.21633353823357, 39.11095179374494)",117.21633353823357,39.11095179374494,1,70,100
10429,天津市河北区庆记西里,"(117.2073229949852, 39.16810111651828)",117.2073229949852,39.16810111651828,1,70,100
10430,天津市南开区庆达园,"(117.14629795762312, 39.14889078140393)",117.14629795762312,39.14889078140393,1,70,100
10431,天津市滨海新区庆阳里,"(117.82574246908325, 39.249437790204254)",117.82574246908325,39.249437790204254,1,70,100
10432,天津市河北区庐山里,"(117.24809519564153, 39.15834623838282)",117.24809519564153,39.15834623838282,1,70,100
10433,天津市和平区府上和平,"(117.20616148596079, 39.12134841206788)",117.20616148596079,39.12134841206788,1,70,100
10434,天津市蓟州区府君里,"(117.4242618892033, 40.05820323222134)",117.4242618892033,40.05820323222134,1,70,100
10435,天津市蓟州区府君里平房,"(117.4242618892033, 40.05820323222134)",117.4242618892033,40.05820323222134,1,70,57
10436,天津市南开区府湖里,"(117.1690607497543, 39.118630856223895)",117.1690607497543,39.118630856223895,1,70,100
10437,天津市和平区康乐里,"(117.1991128419462, 39.12639178238947)",117.1991128419462,39.12639178238947,1,70,100
10438,天津市红桥区康华里,"(117.1666649689592, 39.151560015775104)",117.1666649689592,39.151560015775104,1,70,100
10439,天津市蓟州区康复里2段,"(117.44128666505897, 40.05193695143911)",117.44128666505897,40.05193695143911,0,30,100
10440,天津市蓟州区康宏新村,"(117.42751348565777, 40.054417659558894)",117.42751348565777,40.054417659558894,1,70,100
10441,天津市和平区康定路,"(117.1920282657112, 39.12056410077908)",117.1920282657112,39.12056410077908,0,30,100
10442,天津市南开区康定里,"(117.15005305431592, 39.13411238649379)",117.15005305431592,39.13411238649379,1,70,100
10443,天津市塘沽区康居园,"(117.67137378753495, 39.04538482610653)",117.67137378753495,39.04538482610653,1,70,100
10444,天津市红桥区康平楼,"(117.15604906393393, 39.19191009095709)",117.15604906393393,39.19191009095709,1,70,100
10445,天津市滨海新区康弘一品,"(117.81510266913142, 39.26174848989889)",117.81510266913142,39.26174848989889,1,70,100
10446,天津市河北区康桥里,"(117.24268137782454, 39.18081410556139)",117.24268137782454,39.18081410556139,1,70,100
10447,天津市开发区康翠园,"(117.69317144022624, 39.04122577078669)",117.69317144022624,39.04122577078669,1,70,100
10448,天津市南开区康舜里,"(117.16609822801294, 39.13542917843668)",117.16609822801294,39.13542917843668,1,70,100
10449,天津市和平区康达公寓,"(117.19894288254372, 39.128992536850745)",117.19894288254372,39.128992536850745,1,70,100
10450,天津市西青区康达尚郡,"(117.13657685471634, 39.09689024525695)",117.13657685471634,39.09689024525695,1,70,100
10451,天津市塘沽区康迪苑,"(117.6592312122955, 39.049843374746224)",117.6592312122955,39.049843374746224,1,70,100
10452,天津市河北区康都大厦,"(117.20344698637075, 39.14618108236315)",117.20344698637075,39.14618108236315,1,75,100
10453,天津市开发区康隆苑,"(117.70117920503382, 39.04355808911618)",117.70117920503382,39.04355808911618,1,70,100
10454,天津市开发区康馨花园,"(117.7059944818895, 39.03992913299457)",117.7059944818895,39.03992913299457,1,70,100
10455,天津市河东区康馨里,"(117.22931144776679, 39.146481527885435)",117.22931144776679,39.146481527885435,1,70,100
10456,天津市河北区廉江里,"(117.2518720313277, 39.1617923242453)",117.2518720313277,39.1617923242453,1,70,100
10457,天津市蓟州区廊水家属楼,"(117.40598918733319, 40.05428739254546)",117.40598918733319,40.05428739254546,0,50,100
10458,天津市北辰区延吉东里,"(117.14714568853287, 39.24095516322003)",117.14714568853287,39.24095516322003,1,70,100
10459,天津市南开区延安楼,"(117.13079625875963, 39.14713096147186)",117.13079625875963,39.14713096147186,1,75,100
10460,天津市塘沽区延安里,"(117.6716301639275, 39.03798034803814)",117.6716301639275,39.03798034803814,1,70,100
10461,天津市南开区延川北里,"(117.14276671866338, 39.14865407078756)",117.14276671866338,39.14865407078756,1,70,100
10462,天津市南开区延川里,"(117.14304195947165, 39.14836419711917)",117.14304195947165,39.14836419711917,1,70,100
10463,天津市塘沽区延川里(塘沽区),"(117.67292911369493, 39.04004164746871)",117.67292911369493,39.04004164746871,1,70,100
10464,天津市塘沽区延平里,"(117.67387134634436, 39.0386902007743)",117.67387134634436,39.0386902007743,1,70,100
10465,天津市塘沽区延庆里,"(117.67293117979762, 39.03602947707131)",117.67293117979762,39.03602947707131,1,70,100
10466,天津市和平区延德里,"(117.20451983264131, 39.118898179840286)",117.20451983264131,39.118898179840286,1,70,100
10467,天津市河西区延水道5号,"(117.24962788450266, 39.06548062193798)",117.24962788450266,39.06548062193798,1,80,100
10468,天津市南开区延生里,"(117.18362946851512, 39.13118066692135)",117.18362946851512,39.13118066692135,1,70,100
10469,天津市南开区延长里,"(117.12088615237354, 39.14193497384529)",117.12088615237354,39.14193497384529,1,70,100
10470,天津市滨海新区建北里,"(117.50825444252231, 38.813884630362345)",117.50825444252231,38.813884630362345,1,70,100
10471,天津市河北区建北里(河北区),"(117.22187518492463, 39.17957368232522)",117.22187518492463,39.17957368232522,1,70,100
10472,天津市南开区建华里,"(117.15376170861387, 39.146449909465275)",117.15376170861387,39.146449909465275,0,50,100
10473,天津市塘沽区建华里(塘沽区),"(117.15376170861387, 39.146449909465275)",117.15376170861387,39.146449909465275,0,50,100
10474,天津市河西区建国楼,"(117.18837584533819, 39.1018581038943)",117.18837584533819,39.1018581038943,1,70,100
10475,天津市南开区建国胡同,"(0, 0)",0.0,0.0,0,0,0
10476,天津市西青区建姜东里,"(117.11288216044909, 39.13911579795619)",117.11288216044909,39.13911579795619,1,70,100
10477,天津市西青区建姜西里,"(117.111635761554, 39.13875998241865)",117.111635761554,39.13875998241865,1,70,100
10478,天津市河东区建宁里,"(117.24623830832185, 39.13711765264294)",117.24623830832185,39.13711765264294,1,70,100
10479,天津市滨海新区建安里,"(117.45854598848327, 38.85361213534648)",117.45854598848327,38.85361213534648,1,70,100
10480,天津市塘沽区建工里,"(117.52500532502796, 38.920452407784104)",117.52500532502796,38.920452407784104,1,70,100
10481,天津市红桥区建平楼,"(117.16066913900228, 39.18533121033687)",117.16066913900228,39.18533121033687,1,70,100
10482,天津市河北区建德里,"(117.21293875188083, 39.16369626037886)",117.21293875188083,39.16369626037886,1,70,100
10483,天津市塘沽区建投观海,"(117.71034497547433, 38.98649308445171)",117.71034497547433,38.98649308445171,1,70,100
10484,天津市河东区建新东里,"(117.30293423177025, 39.096621787441855)",117.30293423177025,39.096621787441855,0,30,100
10485,天津市塘沽区建新里,"(117.64019153718095, 39.01642120745876)",117.64019153718095,39.01642120745876,1,70,100
10486,天津市河北区建昌里,"(117.23451398412783, 39.18057337806074)",117.23451398412783,39.18057337806074,1,70,100
10487,天津市河北区建明里,"(117.23319024112831, 39.17950236483458)",117.23319024112831,39.17950236483458,1,70,100
10488,天津市南开区建材楼,"(117.14188296570268, 39.11232711100516)",117.14188296570268,39.11232711100516,1,70,100
10489,天津市和平区建民里(和平区),"(117.21497296470817, 39.12845607663227)",117.21497296470817,39.12845607663227,0,50,100
10490,天津市和平区建津里,"(117.18948498315136, 39.11732907357004)",117.18948498315136,39.11732907357004,1,70,100
10491,天津市塘沽区建港里(塘沽区),"(117.72070872614295, 39.00697192479572)",117.72070872614295,39.00697192479572,1,70,100
10492,天津市河西区建港里(河西区),"(0, 0)",0.0,0.0,0,0,0
10493,天津市河北区建湖里,"(117.23169797601514, 39.183981521025586)",117.23169797601514,39.183981521025586,1,70,100
10494,天津市河西区建筑设计院,"(117.19281167794647, 39.09757171046727)",117.19281167794647,39.09757171046727,0,50,100
10495,天津市河北区建红里,"(117.2360161306016, 39.17850370254712)",117.2360161306016,39.17850370254712,1,70,100
10496,天津市蓟州区建行家属楼,"(117.41764766573334, 40.04589509997394)",117.41764766573334,40.04589509997394,0,50,100
10497,天津市河东区建设东里,"(117.25301189118929, 39.13849567312464)",117.25301189118929,39.13849567312464,1,70,100
10498,天津市静海区建设嘉园,"(116.92065556097994, 39.042662777250726)",116.92065556097994,39.042662777250726,1,70,100
10499,天津市南开区建设新街,"(117.15326476600575, 39.14569169266269)",117.15326476600575,39.14569169266269,0,30,100
10500,天津市和平区建设村2号,"(117.20931534677578, 39.113827184479824)",117.20931534677578,39.113827184479824,1,80,100
10501,天津市宝坻区建设楼(宝坻),"(117.30298175213173, 39.72460817779638)",117.30298175213173,39.72460817779638,1,70,100
10502,天津市河西区建设楼(河西区),"(117.23799249255411, 39.101239328287825)",117.23799249255411,39.101239328287825,0,50,100
10503,天津市和平区建设路,"(117.21781753893607, 39.12558639581527)",117.21781753893607,39.12558639581527,0,30,100
10504,天津市宝坻区建设路小区,"(117.29802032096958, 39.72517485457977)",117.29802032096958,39.72517485457977,1,70,100
10505,天津市红桥区建设里,"(117.16401658465468, 39.16056422151028)",117.16401658465468,39.16056422151028,1,70,100
10506,天津市河东区建轻楼,"(117.25803548509273, 39.11766029494863)",117.25803548509273,39.11766029494863,1,70,100
10507,天津市东丽区建邦时代汇,"(117.39184015690664, 39.17324760714869)",117.39184015690664,39.17324760714869,0,50,100
10508,天津市河北区开云大厦,"(117.22531174248361, 39.16139634040559)",117.22531174248361,39.16139634040559,1,75,100
10509,天津市河北区开云里,"(117.22648277354641, 39.161939960880666)",117.22648277354641,39.161939960880666,1,70,100
10510,天津市滨海新区开元里,"(117.4640189148028, 38.842802532935494)",117.4640189148028,38.842802532935494,1,70,100
10511,天津市和平区开发里,"(117.1936847410716, 39.11552891776239)",117.1936847410716,39.11552891776239,1,70,100
10512,天津市河北区开城里,"(117.23978595950477, 39.16628135937918)",117.23978595950477,39.16628135937918,1,70,100
10513,天津市和平区开封道,"(117.22487651346403, 39.12270603074237)",117.22487651346403,39.12270603074237,0,30,100
10514,天津市和平区开封里,"(117.2267286397645, 39.12379247056023)",117.2267286397645,39.12379247056023,0,50,100
10515,天津市南开区开明西里,"(117.16874221062047, 39.13634289333869)",117.16874221062047,39.13634289333869,1,70,100
10516,天津市河北区开江南里,"(117.25892956856681, 39.166738366106266)",117.25892956856681,39.166738366106266,1,70,100
10517,天津市河北区开江里,"(117.2613716120957, 39.169419854824675)",117.2613716120957,39.169419854824675,1,70,100
10518,天津市红桥区开源东里,"(117.15269497082076, 39.191475130100656)",117.15269497082076,39.191475130100656,1,70,100
10519,天津市红桥区开源楼,"(117.15264277927064, 39.19311275548125)",117.15264277927064,39.19311275548125,0,50,100
10520,天津市塘沽区开源里(塘沽区),"(117.11287623163273, 39.038534737194404)",117.11287623163273,39.038534737194404,1,70,100
10521,天津市西青区开源里(西青区),"(117.11287623163273, 39.038534737194404)",117.11287623163273,39.038534737194404,1,70,100
10522,天津市河东区开滦里,"(117.22378363498059, 39.13607724560619)",117.22378363498059,39.13607724560619,1,70,100
10523,天津市北辰区引河北里,"(117.12738925545193, 39.24457389658779)",117.12738925545193,39.24457389658779,1,70,100
10524,天津市北辰区引河南里,"(117.12921838513135, 39.23997149297291)",117.12921838513135,39.23997149297291,1,70,100
10525,天津市北辰区引河西里,"(117.12207299361334, 39.24283549182865)",117.12207299361334,39.24283549182865,1,70,100
10526,天津市北辰区引河里,"(117.12754349450799, 39.24262606442283)",117.12754349450799,39.24262606442283,1,70,100
10527,天津市蓟州区引滦小区,"(117.45542814971924, 40.04926008148343)",117.45542814971924,40.04926008148343,1,70,100
10528,天津市宝坻区引滦楼,"(117.29943506231724, 39.73013919753909)",117.29943506231724,39.73013919753909,0,50,100
10529,天津市红桥区弘丽园,"(117.16319795884343, 39.15548869687028)",117.16319795884343,39.15548869687028,1,70,100
10530,天津市塘沽区弘基天城,"(117.66488954887228, 39.02591238216459)",117.66488954887228,39.02591238216459,1,70,100
10531,天津市河东区弘怡里,"(117.23019169733601, 39.152401964571645)",117.23019169733601,39.152401964571645,1,70,100
10532,天津市开发区弘景苑,"(117.72384830390031, 39.041956677766684)",117.72384830390031,39.041956677766684,1,70,100
10533,天津市河西区弘泽印象顺水园,"(117.22544657814066, 39.06293927633016)",117.22544657814066,39.06293927633016,1,70,100
10534,天津市滨海新区弘泽天泽,"(117.81532320313413, 39.27054064227595)",117.81532320313413,39.27054064227595,1,70,100
10535,天津市南开区弘祥家园,"(117.13600131037609, 39.15253101539204)",117.13600131037609,39.15253101539204,1,70,100
10536,天津市河东区弘轩公寓,"(117.23542576422045, 39.139122653998676)",117.23542576422045,39.139122653998676,1,70,100
10537,天津市北辰区强宜里,"(117.21083492037646, 39.197182394815435)",117.21083492037646,39.197182394815435,1,70,100
10538,天津市河东区彩丽园,"(117.29859604497092, 39.15752618294032)",117.29859604497092,39.15752618294032,0,50,100
10539,天津市河北区彩环里,"(117.23193467951702, 39.16359478463512)",117.23193467951702,39.16359478463512,1,70,100
10540,天津市南开区彩虹花园,"(117.17089949130266, 39.08075189500422)",117.17089949130266,39.08075189500422,1,70,100
10541,天津市滨海新区彩虹西里,"(117.47708620573425, 38.72058534517889)",117.47708620573425,38.72058534517889,1,70,100
10542,天津市滨海新区彩虹里,"(117.47708620573425, 38.72058534517889)",117.47708620573425,38.72058534517889,1,70,100
10543,天津市河东区彩阳里,"(117.2517964838343, 39.13897342998286)",117.2517964838343,39.13897342998286,1,70,100
10544,天津市南开区彩霞里,"(117.14320509175226, 39.146948597437365)",117.14320509175226,39.146948597437365,1,70,100
10545,天津市河西区彭山里,"(117.27406987912363, 39.06469694457629)",117.27406987912363,39.06469694457629,1,70,100
10546,天津市红桥区彰武楼,"(117.15090123437845, 39.19025307270644)",117.15090123437845,39.19025307270644,1,70,100
10547,天津市南开区影院后胡同,"(117.15479835317238, 39.14579123575703)",117.15479835317238,39.14579123575703,0,30,100
10548,天津市河北区律笛里,"(117.20952932314826, 39.17139903437815)",117.20952932314826,39.17139903437815,0,50,100
10549,天津市河北区律纬路33号,"(117.20917062975812, 39.1710028952781)",117.20917062975812,39.1710028952781,1,80,100
10550,天津市河北区律纬路35号,"(117.2089826144149, 39.17185558801907)",117.2089826144149,39.17185558801907,1,80,100
10551,天津市塘沽区徐州里,"(117.65857239503447, 39.04308388349748)",117.65857239503447,39.04308388349748,1,70,100
10552,天津市津南区御和新苑,"(117.41447943203019, 38.95752324050863)",117.41447943203019,38.95752324050863,1,70,100
10553,天津市津南区御惠园社区,"(117.41178469516137, 38.962767361455285)",117.41178469516137,38.962767361455285,1,70,100
10554,天津市滨海新区御景华庭,"(117.79015304206675, 39.245916265173584)",117.79015304206675,39.245916265173584,1,70,100
10555,天津市开发区御景园邸,"(117.07486066109487, 39.1207216215347)",117.07486066109487,39.1207216215347,1,70,100
10556,天津市武清区御景湾,"(116.93998592775749, 39.17911340355062)",116.93998592775749,39.17911340355062,1,70,100
10557,天津市塘沽区御水园,"(117.65670320092931, 39.06524965163078)",117.65670320092931,39.06524965163078,1,70,100
10558,天津市河西区御江臺,"(117.24384333600169, 39.05266005723754)",117.24384333600169,39.05266005723754,1,70,100
10559,天津市西青区御河墅,"(117.01050497639345, 39.1344501049603)",117.01050497639345,39.1344501049603,1,70,100
10560,天津市红桥区御河湾新苑,"(117.17949268181113, 39.160719973549355)",117.17949268181113,39.160719973549355,1,70,100
10561,天津市武清区御河雍阳公馆,"(117.08641556486972, 39.4054584962067)",117.08641556486972,39.4054584962067,1,70,100
10562,天津市静海区御湖北苑,"(117.13984803423091, 38.88780707798213)",117.13984803423091,38.88780707798213,1,70,100
10563,天津市武清区御湖庄园,"(117.05947439448941, 39.36108863335892)",117.05947439448941,39.36108863335892,1,70,100
10564,天津市武清区御溪苑,"(117.08289546489831, 39.32956088147899)",117.08289546489831,39.32956088147899,1,70,100
10565,天津市南开区復康路十一號,"(0, 0)",0.0,0.0,0,0,0
10566,天津市河西区微山东里,"(117.27012227556004, 39.07827167155389)",117.27012227556004,39.07827167155389,1,70,100
10567,天津市河西区微山里,"(117.2703060688674, 39.074247825823036)",117.2703060688674,39.074247825823036,1,70,100
10568,天津市河北区德丰花园,"(117.21691321477917, 39.1535685193612)",117.21691321477917,39.1535685193612,1,70,100
10569,天津市津南区德信园,"(117.29734910709251, 39.062178892727616)",117.29734910709251,39.062178892727616,1,70,100
10570,天津市河东区德元里,"(117.22993918365717, 39.13155758120134)",117.22993918365717,39.13155758120134,1,70,100
10571,天津市河东区德厚里,"(117.22622585817057, 39.13384840943504)",117.22622585817057,39.13384840943504,1,70,100
10572,天津市东丽区德园,"(117.38131947226543, 39.17823828516969)",117.38131947226543,39.17823828516969,1,70,100
10573,天津市开发区德圣公馆,"(117.72922277593597, 39.03660181758689)",117.72922277593597,39.03660181758689,1,70,100
10574,天津市武清区德安巷,"(0, 0)",0.0,0.0,0,0,0
10575,天津市南开区德安里,"(117.18513538787204, 39.13437244455012)",117.18513538787204,39.13437244455012,1,70,100
10576,天津市南开区德宏里,"(117.14008267163013, 39.13772484692452)",117.14008267163013,39.13772484692452,1,70,100
10577,天津市南开区德庆里,"(117.1847759758375, 39.130588388934704)",117.1847759758375,39.130588388934704,1,70,100
10578,天津市河西区德恩公寓,"(117.21622080089209, 39.10982708031595)",117.21622080089209,39.10982708031595,1,70,100
10579,天津市河西区德恩里,"(117.21619151613245, 39.10879816514407)",117.21619151613245,39.10879816514407,1,70,100
10580,天津市东丽区德悦里,"(117.28661606302875, 39.22070542182711)",117.28661606302875,39.22070542182711,1,70,100
10581,天津市河西区德才里,"(117.19429783458217, 39.10381421076301)",117.19429783458217,39.10381421076301,0,50,100
10582,天津市和平区德旺里,"(117.21053587447219, 39.12041973559879)",117.21053587447219,39.12041973559879,1,70,100
10583,天津市东丽区德晟里,"(117.2689753190849, 39.21228386740914)",117.2689753190849,39.21228386740914,1,70,100
10584,天津市塘沽区德景花园,"(117.65916356989058, 39.06547719030468)",117.65916356989058,39.06547719030468,1,70,100
10585,天津市河西区德望里,"(117.22585557663935, 39.08709608327899)",117.22585557663935,39.08709608327899,1,70,100
10586,天津市东丽区德盈里,"(117.2817631471722, 39.21746972436001)",117.2817631471722,39.21746972436001,1,70,100
10587,天津市东丽区德益里,"(117.27726389419492, 39.215935049473394)",117.27726389419492,39.215935049473394,1,70,100
10588,天津市东丽区德翔里,"(117.28479977911813, 39.21956228128718)",117.28479977911813,39.21956228128718,1,70,100
10589,天津市南开区德胜里（南开区）,"(117.18341459383714, 39.139823855688086)",117.18341459383714,39.139823855688086,1,70,100
10590,天津市南开区德邻里,"(117.18270681892582, 39.13188026914533)",117.18270681892582,39.13188026914533,0,50,100
10591,天津市东丽区德锦里,"(117.26840866796921, 39.21446232797325)",117.26840866796921,39.21446232797325,1,70,100
10592,天津市滨海新区德阳里,"(117.82889444345668, 39.24570852350629)",117.82889444345668,39.24570852350629,1,70,100
10593,天津市河西区徽州道,"(117.22417646398009, 39.11284983784628)",117.22417646398009,39.11284983784628,0,30,100
10594,天津市西青区心之筑汇颐花园,"(117.18874936076924, 39.0677260646285)",117.18874936076924,39.0677260646285,1,70,100
10595,天津市滨海新区心港假日苑,"(117.501808741166, 38.723077634188925)",117.501808741166,38.723077634188925,1,70,100
10596,天津市滨海新区心港假日苑北区,"(117.50070328640543, 38.72667875043344)",117.50070328640543,38.72667875043344,1,70,100
10597,天津市滨海新区心港假日苑西区,"(117.501808741166, 38.723077634188925)",117.501808741166,38.723077634188925,1,70,100
10598,天津市塘沽区心源家园,"(117.66888000160871, 39.06094511652117)",117.66888000160871,39.06094511652117,1,70,100
10599,天津市塘沽区心贻湾,"(117.64939054492532, 39.062919736318854)",117.64939054492532,39.062919736318854,1,70,100
10600,天津市北辰区志和里,"(117.14427856683668, 39.23507046886961)",117.14427856683668,39.23507046886961,1,70,100
10601,天津市和平区志善里,"(117.19438398208058, 39.130561731059615)",117.19438398208058,39.130561731059615,1,70,100
10602,天津市河北区志成东里,"(117.20899384323376, 39.180634276673416)",117.20899384323376,39.180634276673416,0,50,100
10603,天津市河北区志成中里,"(117.20997937420876, 39.17972911225059)",117.20997937420876,39.17972911225059,1,70,100
10604,天津市河北区志成西里,"(117.20708251860019, 39.17989817598661)",117.20708251860019,39.17989817598661,1,70,100
10605,天津市河北区志成里,"(117.20997937420876, 39.17972911225059)",117.20997937420876,39.17972911225059,1,70,100
10606,天津市河西区忠信里,"(117.20505432441975, 39.108762610223536)",117.20505432441975,39.108762610223536,1,70,100
10607,天津市和平区忠厚里,"(117.2049385328395, 39.12104337984237)",117.2049385328395,39.12104337984237,1,70,100
10608,天津市和平区忠恕里,"(0, 0)",0.0,0.0,0,0,0
10609,天津市和平区忠贤里,"(0, 0)",0.0,0.0,0,0,0
10610,天津市南开区怀仁里,"(117.17699251791575, 39.142710440627326)",117.17699251791575,39.142710440627326,1,70,100
10611,天津市东丽区怀园,"(117.39249609959002, 39.17927435813259)",117.39249609959002,39.17927435813259,1,70,100
10612,天津市南开区怀安西里,"(117.16602043475578, 39.13269132037916)",117.16602043475578,39.13269132037916,1,70,100
10613,天津市南开区怀庆里,"(117.18504627596545, 39.13210290336688)",117.18504627596545,39.13210290336688,1,70,100
10614,天津市和平区怀远里,"(117.18838815212368, 39.13182464546253)",117.18838815212368,39.13182464546253,1,70,100
10615,天津市河北区怒江里,"(117.2518720313277, 39.1617923242453)",117.2518720313277,39.1617923242453,1,70,100
10616,天津市和平区思治里,"(117.20750876456466, 39.12062176279388)",117.20750876456466,39.12062176279388,1,70,100
10617,天津市蓟州区怡君园,"(0, 0)",0.0,0.0,0,0,0
10618,天津市西青区怡和新村,"(117.12499419330123, 39.178808204115995)",117.12499419330123,39.178808204115995,1,70,100
10619,天津市开发区怡园小区,"(117.69523799205193, 39.04466747533576)",117.69523799205193,39.04466747533576,1,70,100
10620,天津市南开区怡园里,"(0, 0)",0.0,0.0,0,0,0
10621,天津市开发区怡宁公寓,"(117.69541379044023, 39.04525879987695)",117.69541379044023,39.04525879987695,1,70,100
10622,天津市河东区怡安温泉公寓,"(117.24135359245024, 39.11897130876664)",117.24135359245024,39.11897130876664,1,70,100
10623,天津市和平区怡寿里,"(117.20623433853766, 39.11522393011869)",117.20623433853766,39.11522393011869,0,50,100
10624,天津市塘沽区怡康家园,"(117.66591918664783, 39.027235065606924)",117.66591918664783,39.027235065606924,1,70,100
10625,天津市武清区怡景花园,"(117.00611882007986, 39.29496461966069)",117.00611882007986,39.29496461966069,0,50,100
10626,天津市津南区怡林园,"(0, 0)",0.0,0.0,0,0,0
10627,天津市津南区怡泽轩,"(117.45031607272306, 38.93510338293593)",117.45031607272306,38.93510338293593,1,70,100
10628,天津市津南区怡润轩,"(117.44895909241968, 38.93856278236087)",117.44895909241968,38.93856278236087,0,50,100
10629,天津市滨海新区怡然小区,"(117.47997874947639, 38.71849244158325)",117.47997874947639,38.71849244158325,1,70,100
10630,天津市河东区怡然庭苑,"(117.3044051172123, 39.10393747180134)",117.3044051172123,39.10393747180134,1,70,100
10631,天津市河东区怡祥园,"(117.23959408144785, 39.13128883670005)",117.23959408144785,39.13128883670005,1,70,100
10632,天津市宝坻区怡購淸華園,"(0, 0)",0.0,0.0,0,0,0
10633,天津市开发区恂园南里,"(117.69080512385185, 39.039663118914795)",117.69080512385185,39.039663118914795,1,70,100
10634,天津市开发区恂园西里,"(117.69077026959805, 39.04146074353522)",117.69077026959805,39.04146074353522,1,70,100
10635,天津市开发区恂园里,"(117.69286448923347, 39.04028040734846)",117.69286448923347,39.04028040734846,1,70,100
10636,天津市河东区恋日花园,"(117.24011509864364, 39.153389809300265)",117.24011509864364,39.153389809300265,1,70,100
10637,天津市河东区恋日风尚,"(117.25272093003461, 39.14756549939948)",117.25272093003461,39.14756549939948,1,70,100
10638,天津市河东区恋日风景,"(117.25317125058676, 39.146273489610245)",117.25317125058676,39.146273489610245,1,70,100
10639,天津市河西区恒华公寓,"(117.23166949973047, 39.109803424045786)",117.23166949973047,39.109803424045786,1,70,100
10640,天津市河西区恒华大厦,"(117.2307393043749, 39.110301043899824)",117.2307393043749,39.110301043899824,1,70,100
10641,天津市河西区恒和园,"(117.2220206205867, 39.111858340190665)",117.2220206205867,39.111858340190665,1,70,100
10642,天津市和平区恒和西里,"(117.20690052190385, 39.130537312157244)",117.20690052190385,39.130537312157244,1,70,100
10643,天津市东丽区恒大名都花园,"(117.41886936122691, 39.177864699409746)",117.41886936122691,39.177864699409746,1,70,100
10644,天津市东丽区恒大名都馨园,"(117.42405123656121, 39.17648962367221)",117.42405123656121,39.17648962367221,1,70,100
10645,天津市武清区恒大山水城,"(116.96070300875081, 39.4908030698693)",116.96070300875081,39.4908030698693,1,70,100
10646,天津市宁河区恒大御景半岛,"(117.83251084177874, 39.35933110605118)",117.83251084177874,39.35933110605118,0,50,100
10647,天津市东丽区恒大绿洲花园,"(117.47753751442245, 39.20293651154031)",117.47753751442245,39.20293651154031,1,70,100
10648,天津市东丽区恒大绿洲馨园,"(117.47810191977437, 39.20439284191811)",117.47810191977437,39.20439284191811,1,70,100
10649,天津市东丽区恒大翡翠华庭,"(117.47935083392491, 39.20746818790506)",117.47935083392491,39.20746818790506,1,70,100
10650,天津市宝坻区恒大花溪小镇,"(117.43213724377874, 39.49000099532345)",117.43213724377874,39.49000099532345,1,70,100
10651,天津市蓟州区恒大金碧天下,"(117.28808676880969, 40.08082644124787)",117.28808676880969,40.08082644124787,1,70,100
10652,天津市蓟州区恒大金碧天下香麓苑,"(117.28808676880969, 40.08082644124787)",117.28808676880969,40.08082644124787,1,70,57
10653,天津市河西区恒山里,"(117.26974013639611, 39.07613167123675)",117.26974013639611,39.07613167123675,1,70,100
10654,天津市西青区恒惠佳园,"(117.19866800105767, 39.0509911177118)",117.19866800105767,39.0509911177118,1,70,100
10655,天津市红桥区恒春里,"(0, 0)",0.0,0.0,0,0,0
10656,天津市西青区恒益隆庭,"(117.10506528556238, 39.03622663345783)",117.10506528556238,39.03622663345783,1,70,100
10657,天津市河西区恒盛SOHO,"(117.21795417120413, 39.08219250163088)",117.21795417120413,39.08219250163088,1,75,100
10658,天津市塘沽区恒盛尚海湾滨海,"(117.53096630073108, 38.92067171422978)",117.53096630073108,38.92067171422978,1,70,100
10659,天津市武清区恒祥家园(武清区),"(117.00801828708072, 39.29693318258595)",117.00801828708072,39.29693318258595,1,70,100
10660,天津市河西区恩德东里,"(117.21548742427373, 39.1064599006808)",117.21548742427373,39.1064599006808,1,70,100
10661,天津市河西区恩德西里,"(117.21585590919392, 39.10490087427034)",117.21585590919392,39.10490087427034,1,70,100
10662,天津市开发区恬园别墅,"(117.69904869385581, 39.039068244165065)",117.69904869385581,39.039068244165065,1,70,100
10663,天津市河东区悦东嘉园,"(117.24621225746206, 39.11864331268739)",117.24621225746206,39.11864331268739,1,70,100
10664,天津市武清区悦光年,"(116.9975287736407, 39.39401530016874)",116.9975287736407,39.39401530016874,0,50,100
10665,天津市武清区悦公馆,"(116.94093687397036, 39.18075187866585)",116.94093687397036,39.18075187866585,1,70,100
10666,天津市东丽区悦和里,"(117.26476909336498, 39.20952106881654)",117.26476909336498,39.20952106881654,0,50,100
10667,天津市南开区悦府家园,"(117.18566529829238, 39.140531556449716)",117.18566529829238,39.140531556449716,1,70,100
10668,天津市红桥区悦春里,"(0, 0)",0.0,0.0,0,0,0
10669,天津市河东区悦泰嘉园,"(117.24835839915595, 39.12753106316279)",117.24835839915595,39.12753106316279,1,70,100
10670,天津市塘沽区悦海园,"(117.66676170738562, 39.020218167866666)",117.66676170738562,39.020218167866666,1,70,100
10671,天津市河北区悦海大厦,"(117.20554740431417, 39.145141020218865)",117.20554740431417,39.145141020218865,1,75,100
10672,天津市武清区悦湖庭苑,"(117.12953000731277, 39.335277123849266)",117.12953000731277,39.335277123849266,1,70,100
10673,天津市武清区悦澜园,"(117.12884774427793, 39.331239350533735)",117.12884774427793,39.331239350533735,1,70,100
10674,天津市东丽区悦盛园,"(117.40884912258531, 39.06869941991457)",117.40884912258531,39.06869941991457,1,70,100
10675,天津市西青区悦盛里,"(117.03281780729468, 39.075108912553404)",117.03281780729468,39.075108912553404,1,70,100
10676,天津市开发区悦蓝东轩,"(117.73532604323186, 39.02709758505068)",117.73532604323186,39.02709758505068,1,70,100
10677,天津市北辰区悦蘭台,"(117.11759098810184, 39.26488443207556)",117.11759098810184,39.26488443207556,1,70,100
10678,天津市河东区悦馨居,"(117.24400422251853, 39.11528460582985)",117.24400422251853,39.11528460582985,1,70,100
10679,天津市和平区惠东北里,"(117.19587804380477, 39.116072195575725)",117.19587804380477,39.116072195575725,1,70,100
10680,天津市和平区惠东里,"(117.19702994096022, 39.115924671887974)",117.19702994096022,39.115924671887974,1,70,100
10681,天津市津南区惠丰花园兴旺居,"(117.40234943306787, 38.995189692668895)",117.40234943306787,38.995189692668895,1,70,100
10682,天津市津南区惠丰花园发达居,"(117.40283191295727, 38.99389262411957)",117.40283191295727,38.99389262411957,1,70,100
10683,天津市河西区惠众家园,"(117.27365558062245, 39.05253558511284)",117.27365558062245,39.05253558511284,1,70,100
10684,天津市津南区惠君园,"(117.30220408905176, 39.05618448085506)",117.30220408905176,39.05618448085506,1,70,100
10685,天津市和平区惠嘉公寓,"(117.19952327773372, 39.12077214566453)",117.19952327773372,39.12077214566453,1,70,100
10686,天津市津南区惠安花园,"(117.39888421956313, 38.99430694275155)",117.39888421956313,38.99430694275155,1,70,100
10687,天津市塘沽区惠安里,"(117.65372639613034, 39.026868099831496)",117.65372639613034,39.026868099831496,1,70,100
10688,天津市河北区惠山里,"(117.24848020938312, 39.16367758773412)",117.24848020938312,39.16367758773412,1,70,100
10689,天津市河西区惠州里,"(117.21842937481891, 39.09963188606904)",117.21842937481891,39.09963188606904,1,70,100
10690,天津市河东区惠康家园,"(117.22781918265362, 39.15008327587167)",117.22781918265362,39.15008327587167,1,70,100
10691,天津市武清区惠昊公寓,"(117.10854226686929, 39.415587284914054)",117.10854226686929,39.415587284914054,0,50,100
10692,天津市河东区惠森花园,"(117.22216560709602, 39.14208594044872)",117.22216560709602,39.14208594044872,1,70,100
10693,天津市和平区惠民里,"(117.19490706537904, 39.114908653516665)",117.19490706537904,39.114908653516665,1,70,100
10694,天津市东丽区惠民里(东丽区),"(117.32660898365518, 39.096458122171796)",117.32660898365518,39.096458122171796,1,70,100
10695,天津市武清区惠民里小区,"(117.07975301256332, 39.42887761034362)",117.07975301256332,39.42887761034362,1,70,100
10696,天津市红桥区惠灵顿河庭花苑,"(117.1772362282006, 39.1579365965403)",117.1772362282006,39.1579365965403,1,70,100
10697,天津市红桥区惠灵顿河滨花苑,"(117.18606019339457, 39.15301497132997)",117.18606019339457,39.15301497132997,1,70,100
10698,天津市红桥区惠灵顿海上花苑,"(117.17845486945544, 39.15550464392161)",117.17845486945544,39.15550464392161,1,70,100
10699,天津市河西区惠禧温泉公寓,"(117.21319189437354, 39.10680965144985)",117.21319189437354,39.10680965144985,1,70,100
10700,天津市津南区惠苑里,"(117.39323836943292, 38.99912996447892)",117.39323836943292,38.99912996447892,1,70,100
10701,天津市津南区惠裕里,"(117.39159950086051, 39.00028421584672)",117.39159950086051,39.00028421584672,1,70,100
10702,天津市西青区惠鑫花园,"(117.18167861843911, 39.0653683584181)",117.18167861843911,39.0653683584181,1,70,100
10703,天津市河西区惠阳里(河西),"(117.21828097474867, 39.098864131075736)",117.21828097474867,39.098864131075736,1,70,100
10704,天津市滨海新区惠阳里(滨海新区),"(117.83095533595767, 39.24267817683824)",117.83095533595767,39.24267817683824,1,70,100
10705,天津市东丽区意境兰庭,"(117.43271629151046, 39.16178609986111)",117.43271629151046,39.16178609986111,1,70,100
10706,天津市武清区意安广场,"(117.01883541254021, 39.38442774568766)",117.01883541254021,39.38442774568766,1,75,100
10707,天津市红桥区愿景家园,"(117.16522848861818, 39.185676721007006)",117.16522848861818,39.185676721007006,1,70,100
10708,天津市东丽区慈园,"(117.37706240245363, 39.18269626811475)",117.37706240245363,39.18269626811475,1,70,100
10709,天津市津南区慈水园一区,"(117.50192803613773, 38.996973105263024)",117.50192803613773,38.996973105263024,1,70,100
10710,天津市津南区慈水园二区,"(117.50034432352365, 38.99502824392253)",117.50034432352365,38.99502824392253,1,70,100
10711,天津市津南区慈水园四区,"(117.49723268306762, 38.98981141986215)",117.49723268306762,38.98981141986215,1,70,100
10712,天津市南开区慎兴南里,"(117.18392671780838, 39.1336198337415)",117.18392671780838,39.1336198337415,1,70,100
10713,天津市东丽区慕湖苑,"(117.51179098148454, 39.1888411191845)",117.51179098148454,39.1888411191845,1,70,100
10714,天津市东丽区慕澜苑,"(117.49716001015187, 39.19102108175963)",117.49716001015187,39.19102108175963,1,70,100
10715,天津市河北区慕贤里,"(117.21919841416602, 39.18697464289882)",117.21919841416602,39.18697464289882,1,70,100
10716,天津市和平区慧昌里,"(117.19970024391918, 39.125861249896495)",117.19970024391918,39.125861249896495,1,70,100
10717,天津市河北区慧景园,"(117.20020221703815, 39.1844295326823)",117.20020221703815,39.1844295326823,1,70,100
10718,天津市武清区慧翔龍苑,"(117.07973657357249, 39.36812861677365)",117.07973657357249,39.36812861677365,1,70,100
10719,天津市河东区懿德园,"(117.25528361599348, 39.12886498185972)",117.25528361599348,39.12886498185972,1,70,100
10720,天津市西青区成发花苑,"(117.03256089191882, 39.14077326162072)",117.03256089191882,39.14077326162072,1,70,100
10721,天津市西青区成发馨苑,"(117.02802058637974, 39.140588292528804)",117.02802058637974,39.140588292528804,1,70,100
10722,天津市和平区成康里,"(117.19897728764475, 39.110985107942675)",117.19897728764475,39.110985107942675,1,70,100
10723,天津市和平区成都道,"(117.20444033260368, 39.11640146340468)",117.20444033260368,39.11640146340468,0,30,100
10724,天津市西青区房信彩虹城,"(117.27151159486178, 39.01153958978234)",117.27151159486178,39.01153958978234,1,70,100
10725,天津市河西区才俊里,"(117.20266078938842, 39.08419781868852)",117.20266078938842,39.08419781868852,1,70,100
10726,天津市河西区才华里,"(117.20137720064521, 39.083989804985706)",117.20137720064521,39.083989804985706,1,70,100
10727,天津市河西区扬州里,"(117.22745213502223, 39.12206112842311)",117.22745213502223,39.12206112842311,1,70,100
10728,天津市和平区承德道,"(117.2094297010672, 39.129193629654836)",117.2094297010672,39.129193629654836,0,30,100
10729,天津市塘沽区承德里,"(117.65516045104647, 39.04706027390192)",117.65516045104647,39.04706027390192,1,70,100
10730,天津市塘沽区抗震里(塘沽区),"(117.69876204456757, 39.0116589482753)",117.69876204456757,39.0116589482753,1,70,100
10731,天津市河北区抗震里(河北区),"(117.19977767785413, 39.16492829421339)",117.19977767785413,39.16492829421339,1,70,100
10732,天津市和平区拉萨道,"(117.19399501579477, 39.12117955635716)",117.19399501579477,39.12117955635716,0,30,100
10733,天津市静海区招商依云郡,"(117.08038209591194, 38.975170652370025)",117.08038209591194,38.975170652370025,1,70,100
10734,天津市静海区招商依云郡二期上城,"(117.08038209591194, 38.975170652370025)",117.08038209591194,38.975170652370025,1,70,24
10735,天津市静海区招商依水郡,"(117.08141002690701, 38.97662710395977)",117.08141002690701,38.97662710395977,1,70,100
10736,天津市西青区招商公园1872,"(117.06382300163267, 39.06906511620167)",117.06382300163267,39.06906511620167,1,70,100
10737,天津市静海区招商果岭,"(117.16421466101963, 38.9185695724231)",117.16421466101963,38.9185695724231,1,70,100
10738,天津市和平区招商津湾天玺,"(117.21724208442637, 39.13714171943692)",117.21724208442637,39.13714171943692,1,70,100
10739,天津市南开区招商钻石山,"(117.18711498372438, 39.0789029038328)",117.18711498372438,39.0789029038328,1,70,100
10740,天津市河东区招商雍景湾,"(117.27212873074713, 39.08976011797482)",117.27212873074713,39.08976011797482,1,70,100
10741,天津市北辰区拜泉里,"(117.13394320262218, 39.23660919315606)",117.13394320262218,39.23660919315606,1,70,100
10742,天津市南开区拥军里,"(117.13884732189281, 39.147058351683214)",117.13884732189281,39.147058351683214,1,70,100
10743,天津市塘沽区拥政里,"(117.65957688025571, 39.02185273176474)",117.65957688025571,39.02185273176474,1,70,100
10744,天津市河北区择仁里,"(117.21186788188238, 39.170312216306904)",117.21186788188238,39.170312216306904,1,70,100
10745,天津市东丽区择月里,"(117.49659120310295, 39.05235514566934)",117.49659120310295,39.05235514566934,1,70,100
10746,天津市津南区拾光汇,"(117.29915883337293, 39.04159588403463)",117.29915883337293,39.04159588403463,0,50,100
10747,天津市红桥区振业名邸,"(0, 0)",0.0,0.0,0,0,0
10748,天津市滨海新区振业里,"(117.47358038882045, 38.84219917579446)",117.47358038882045,38.84219917579446,0,50,100
10749,天津市开发区振业铂雅轩,"(117.68350252886957, 39.034991559358794)",117.68350252886957,39.034991559358794,1,70,100
10750,天津市河东区振中路20号,"(117.24946834544409, 39.14593771704467)",117.24946834544409,39.14593771704467,1,80,100
10751,天津市东丽区振兴南里,"(117.322434018967, 39.091156294317784)",117.322434018967,39.091156294317784,1,70,100
10752,天津市东丽区振兴里,"(117.32485683875795, 39.094048390248375)",117.32485683875795,39.094048390248375,1,70,100
10753,天津市东丽区振华东里,"(117.32571696628376, 39.0959047515166)",117.32571696628376,39.0959047515166,0,50,100
10754,天津市东丽区振华里(东丽),"(117.32410648416548, 39.096182732439814)",117.32410648416548,39.096182732439814,1,70,100
10755,天津市滨海新区振华里(滨海新区),"(117.47122071990685, 38.83920528744968)",117.47122071990685,38.83920528744968,0,50,100
10756,天津市河北区振宜里,"(117.21457375773954, 39.196266470569746)",117.21457375773954,39.196266470569746,1,70,100
10757,天津市和平区振德里(和平),"(0, 0)",0.0,0.0,0,0,0
10758,天津市河北区振德里(河北）,"(117.2086203278027, 39.15784329550102)",117.2086203278027,39.15784329550102,1,70,100
10759,天津市和平区振河里,"(117.19168915538118, 39.10876415000393)",117.19168915538118,39.10876415000393,1,70,100
10760,天津市开发区捷达园,"(117.69435414926068, 39.043139858001844)",117.69435414926068,39.043139858001844,1,70,100
10761,天津市河西区排水大楼,"(117.24392103942832, 39.101675131677666)",117.24392103942832,39.101675131677666,1,75,100
10762,天津市南开区掩骨会,"(117.17431907088752, 39.14671495812398)",117.17431907088752,39.14671495812398,1,80,100
10763,天津市宝坻区提香轩,"(117.31348231472953, 39.69918946920587)",117.31348231472953,39.69918946920587,1,70,100
10764,天津市东丽区揽城苑,"(117.51727342984249, 39.185910020141)",117.51727342984249,39.185910020141,1,70,100
10765,天津市塘沽区揽涛轩,"(117.72445699571388, 39.10791222632251)",117.72445699571388,39.10791222632251,1,70,100
10766,天津市东丽区揽湖苑,"(117.5070247521097, 39.184389611660556)",117.5070247521097,39.184389611660556,1,70,100
10767,天津市蓟州区揽韵园,"(117.46001498748373, 40.06685786559936)",117.46001498748373,40.06685786559936,1,70,100
10768,天津市西青区摩卡假日,"(117.04464103492535, 39.072700055838176)",117.04464103492535,39.072700055838176,1,70,100
10769,天津市河西区教师村,"(117.21865700543513, 39.10025613578521)",117.21865700543513,39.10025613578521,1,70,100
10770,天津市南开区教师楼,"(117.1489940419502, 39.15031011891744)",117.1489940419502,39.15031011891744,1,70,100
10771,天津市和平区敦本里,"(0, 0)",0.0,0.0,0,0,0
10772,天津市和平区敦术里,"(0, 0)",0.0,0.0,0,0,0
10773,天津市红桥区敦煌楼,"(117.16209852272978, 39.17601911583785)",117.16209852272978,39.17601911583785,1,70,100
10774,天津市东丽区敬园,"(117.3787249862915, 39.18146440825621)",117.3787249862915,39.18146440825621,1,70,100
10775,天津市河北区敬宾里,"(117.25103193601474, 39.184326688812796)",117.25103193601474,39.184326688812796,1,70,100
10776,天津市河西区敬重里,"(117.22698528564871, 39.116430646047085)",117.22698528564871,39.116430646047085,1,70,100
10777,天津市和平区文化村,"(117.18752829408953, 39.12138682965913)",117.18752829408953,39.12138682965913,1,70,100
10778,天津市津南区文化楼,"(117.44043830533532, 38.91709942539362)",117.44043830533532,38.91709942539362,1,70,100
10779,天津市和平区文化里(和平区),"(117.2019249873452, 39.11338312857339)",117.2019249873452,39.11338312857339,1,70,100
10780,天津市武清区文华巷,"(117.09028187178467, 39.38970846100079)",117.09028187178467,39.38970846100079,0,30,100
10781,天津市河东区文华里,"(117.2530859115633, 39.11577707790582)",117.2530859115633,39.11577707790582,0,50,100
10782,天津市和平区文善里,"(117.19817195675505, 39.12174182399759)",117.19817195675505,39.12174182399759,0,50,100
10783,天津市海河教育园区文嘉花园,"(117.36732629784484, 38.99203341801819)",117.36732629784484,38.99203341801819,1,70,100
10784,天津市塘沽区文安里,"(117.66267953765663, 39.04692423326663)",117.66267953765663,39.04692423326663,1,70,100
10785,天津市河东区文宫里,"(117.256289448673, 39.11263036163555)",117.256289448673,39.11263036163555,1,70,100
10786,天津市海河教育园区文德花园,"(117.37286650724708, 38.99981385334574)",117.37286650724708,38.99981385334574,1,70,100
10787,天津市河西区文才公寓,"(117.23747767366635, 39.08323770181297)",117.23747767366635,39.08323770181297,1,70,100
10788,天津市静海区文昌嘉园,"(117.14409351590163, 38.64039360137109)",117.14409351590163,38.64039360137109,0,50,100
10789,天津市塘沽区文明里,"(117.66146628623486, 39.048987090908085)",117.66146628623486,39.048987090908085,1,70,100
10790,天津市和平区文星里,"(117.20918931451273, 39.121026515209266)",117.20918931451273,39.121026515209266,1,70,100
10791,天津市蓟州区文武住宅楼,"(117.42005000415867, 40.049705037164536)",117.42005000415867,40.049705037164536,1,70,100
10792,天津市河北区文江里,"(117.26317037904887, 39.17356310990827)",117.26317037904887,39.17356310990827,1,70,100
10793,天津市和平区文泉西苑,"(117.2113158731465, 39.12711459319074)",117.2113158731465,39.12711459319074,1,70,100
10794,天津市河西区文玥北里,"(117.2218703340749, 39.089412662248684)",117.2218703340749,39.089412662248684,1,70,100
10795,天津市河西区文玥里,"(117.22210595961016, 39.088637093957516)",117.22210595961016,39.088637093957516,1,70,100
10796,天津市西青区文瑞家园,"(117.11034552535003, 39.17477853738639)",117.11034552535003,39.17477853738639,1,70,100
10797,天津市和平区文盛里,"(117.20267498261548, 39.11158112145311)",117.20267498261548,39.11158112145311,1,70,100
10798,天津市津南区文苑公寓,"(117.39571041636582, 38.992608571350075)",117.39571041636582,38.992608571350075,1,70,100
10799,天津市河西区文苑楼（河西）,"(117.20523326687733, 39.087381030340204)",117.20523326687733,39.087381030340204,1,70,100
10800,天津市武清区文荟园,"(117.07340181294666, 39.39575814644542)",117.07340181294666,39.39575814644542,1,70,100
10801,天津市河西区文贤公寓,"(117.23618986288724, 39.083311288134624)",117.23618986288724,39.083311288134624,1,70,100
10802,天津市和平区文通里,"(117.19692214429902, 39.12846139437474)",117.19692214429902,39.12846139437474,0,30,100
10803,天津市北辰区文雅苑,"(117.21331774697549, 39.32192095509074)",117.21331774697549,39.32192095509074,1,70,100
10804,天津市河西区文静里,"(117.2053783432172, 39.100068889454946)",117.2053783432172,39.100068889454946,1,70,100
10805,天津市和平区新三多里,"(117.19820384660066, 39.126728418631075)",117.19820384660066,39.126728418631075,0,30,100
10806,天津市东丽区新世嘉大厦,"(117.3192602157697, 39.095545705772906)",117.3192602157697,39.095545705772906,1,75,100
10807,天津市和平区新世界花园,"(117.19099871776622, 39.14057220215347)",117.19099871776622,39.14057220215347,1,70,100
10808,天津市河西区新世纪城,"(117.21174696996074, 39.08031309048572)",117.21174696996074,39.08031309048572,1,70,100
10809,天津市武清区新世纪花园（武清区）,"(116.95310558990018, 39.40729179097095)",116.95310558990018,39.40729179097095,1,70,100
10810,天津市塘沽区新业丽湾酒店,"(117.38400190234877, 39.173162577792034)",117.38400190234877,39.173162577792034,0,50,100
10811,天津市塘沽区新业里,"(117.65698374174006, 39.0411805135717)",117.65698374174006,39.0411805135717,1,70,100
10812,天津市河东区新东方家园,"(117.2396970272593, 39.1460957402095)",117.2396970272593,39.1460957402095,1,70,100
10813,天津市和平区新中东里,"(117.19572110983218, 39.1105595808617)",117.19572110983218,39.1105595808617,1,70,100
10814,天津市和平区新中美里,"(117.20937337731172, 39.116927448922254)",117.20937337731172,39.116927448922254,1,70,100
10815,天津市和平区新中里,"(117.19407415651018, 39.11167070500786)",117.19407415651018,39.11167070500786,0,50,100
10816,天津市东丽区新丰里(东丽区),"(117.28120053843129, 39.1352484629632)",117.28120053843129,39.1352484629632,0,50,100
10817,天津市津南区新丰里(津南区),"(117.39852211261206, 38.99047815288853)",117.39852211261206,38.99047815288853,0,50,100
10818,天津市武清区新丽公寓,"(117.08793136558725, 39.39741528739652)",117.08793136558725,39.39741528739652,1,70,100
10819,天津市河东区新义信里,"(117.22937001728603, 39.13558939424163)",117.22937001728603,39.13558939424163,0,50,100
10820,天津市河西区新云山里,"(117.27309279222044, 39.067386973293054)",117.27309279222044,39.067386973293054,1,70,100
10821,天津市河西区新会里,"(117.210613937221, 39.10507522882025)",117.210613937221,39.10507522882025,1,70,100
10822,天津市和平区新佳里,"(117.19653497462423, 39.13274239558162)",117.19653497462423,39.13274239558162,1,70,100
10823,天津市宝坻区新保楼小区,"(117.30807532403442, 39.725863059843384)",117.30807532403442,39.725863059843384,1,70,100
10824,天津市南开区新光里,"(117.16625246706901, 39.14382077374036)",117.16625246706901,39.14382077374036,1,70,100
10825,天津市河东区新关公寓,"(117.22745267400553, 39.13223905832679)",117.22745267400553,39.13223905832679,1,70,100
10826,天津市津南区新兴东里,"(117.3974417205752, 38.98951619041845)",117.3974417205752,38.98951619041845,1,70,100
10827,天津市河北区新兴中山八号,"(117.22266641241782, 39.17123218771633)",117.22266641241782,39.17123218771633,1,75,100
10828,天津市津南区新兴南里,"(117.39583698761217, 38.99177808880983)",117.39583698761217,38.99177808880983,1,70,100
10829,天津市滨海新区新兴小区,"(117.50660344682551, 38.74463402795931)",117.50660344682551,38.74463402795931,1,70,100
10830,天津市南开区新兴楼(南开区),"(117.17789585393659, 39.14137181936335)",117.17789585393659,39.14137181936335,0,50,100
10831,天津市津南区新兴楼(津南区),"(117.39733832561099, 38.99029587109175)",117.39733832561099,38.99029587109175,1,70,100
10832,天津市滨海新区新兴西里,"(117.5065609569749, 38.74474413057659)",117.5065609569749,38.74474413057659,1,70,100
10833,天津市和平区新兴路,"(117.18895561171433, 39.12270973947331)",117.18895561171433,39.12270973947331,0,30,100
10834,天津市和平区新兴里,"(117.19402403106272, 39.110500090849584)",117.19402403106272,39.110500090849584,1,70,100
10835,天津市塘沽区新兴里(塘沽区),"(117.19402403106272, 39.110500090849584)",117.19402403106272,39.110500090849584,1,70,100
10836,天津市红桥区新凯东里,"(117.14439633468903, 39.19104324246323)",117.14439633468903,39.19104324246323,1,70,100
10837,天津市塘沽区新北楼,"(0, 0)",0.0,0.0,0,0,0
10838,天津市塘沽区新华东里,"(117.68114277012542, 39.021424279986306)",117.68114277012542,39.021424279986306,1,70,100
10839,天津市西青区新华东里(西青区),"(0, 0)",0.0,0.0,0,0,0
10840,天津市和平区新华利里,"(117.20728661361204, 39.12713936314763)",117.20728661361204,39.12713936314763,1,70,100
10841,天津市南开区新华园,"(117.15749030529413, 39.09914007024658)",117.15749030529413,39.09914007024658,1,70,100
10842,天津市和平区新华大厦,"(117.2140299235838, 39.12610111657667)",117.2140299235838,39.12610111657667,1,75,100
10843,天津市南开区新华楼(南开区),"(117.17795244718371, 39.14186718567667)",117.17795244718371,39.14186718567667,1,70,100
10844,天津市武清区新华联世家,"(116.85380869543822, 39.641736528818356)",116.85380869543822,39.641736528818356,0,50,100
10845,天津市武清区新华联悦澜湾,"(117.05031904439282, 39.36033923842775)",117.05031904439282,39.36033923842775,1,70,100
10846,天津市和平区新华路,"(117.20813676994669, 39.130597904604194)",117.20813676994669,39.130597904604194,0,30,100
10847,天津市和平区新华路(体育馆街),"(117.2067634341949, 39.120615975671086)",117.2067634341949,39.120615975671086,0,30,100
10848,天津市和平区新华路(劝业场),"(117.20709033385812, 39.13253599556137)",117.20709033385812,39.13253599556137,1,75,100
10849,天津市和平区新华路132号,"(117.21060225924937, 39.12904179554523)",117.21060225924937,39.12904179554523,1,80,100
10850,天津市和平区新华路37号,"(117.20209602471428, 39.13375507619966)",117.20209602471428,39.13375507619966,1,80,100
10851,天津市北辰区新华里(北辰区),"(117.14618063892351, 39.223378266783705)",117.14618063892351,39.223378266783705,1,70,100
10852,天津市和平区新华里(和平区),"(117.20428402744494, 39.132946136291594)",117.20428402744494,39.132946136291594,1,70,100
10853,天津市塘沽区新华里(塘沽区),"(117.20428402744494, 39.132946136291594)",117.20428402744494,39.132946136291594,1,70,100
10854,天津市西青区新华里(西青区),"(117.02031258612082, 39.14840092104577)",117.02031258612082,39.14840092104577,1,70,100
10855,天津市河西区新南楼,"(117.23561081515551, 39.11176588740897)",117.23561081515551,39.11176588740897,1,70,100
10856,天津市河东区新博园,"(0, 0)",0.0,0.0,0,0,0
10857,天津市塘沽区新园里,"(117.66230512392008, 39.04504359502978)",117.66230512392008,39.04504359502978,1,70,100
10858,天津市宝坻区新城·悦隽首府,"(117.28693298521267, 39.70183108655286)",117.28693298521267,39.70183108655286,1,70,100
10859,天津市滨海新区新城·樾府,"(117.74964117034722, 39.14318425113973)",117.74964117034722,39.14318425113973,1,70,100
10860,天津市武清区新城·湖畔风华,"(117.1356967848082, 39.32698184279242)",117.1356967848082,39.32698184279242,1,70,100
10861,天津市河西区新城大厦,"(117.2401707037547, 39.095484802919565)",117.2401707037547,39.095484802919565,1,75,100
10862,天津市塘沽区新城家园,"(117.70946903777156, 39.02066309537854)",117.70946903777156,39.02066309537854,1,70,100
10863,天津市河西区新城小区,"(117.2426909896935, 39.09546807212644)",117.2426909896935,39.09546807212644,1,70,100
10864,天津市南开区新城市花园,"(117.18162211502252, 39.08565060667488)",117.18162211502252,39.08565060667488,1,70,100
10865,天津市东丽区新城悦隽公元,"(117.45078373057154, 39.07205217127532)",117.45078373057154,39.07205217127532,1,70,100
10866,天津市武清区新城悦隽央著,"(116.99886203867862, 39.401316085839504)",116.99886203867862,39.401316085839504,1,70,100
10867,天津市塘沽区新城旭辉·悦隽都会,"(117.58215624021717, 39.0165012414877)",117.58215624021717,39.0165012414877,1,70,100
10868,天津市武清区新城梧桐公馆,"(117.09044302779316, 39.34877510168115)",117.09044302779316,39.34877510168115,1,70,100
10869,天津市北辰区新城樾风华,"(117.24090758376455, 39.258782605563425)",117.24090758376455,39.258782605563425,1,70,100
10870,天津市滨海新区新城港东府,"(117.50140962402793, 38.84414468197376)",117.50140962402793,38.84414468197376,1,70,100
10871,天津市红桥区新基业大厦,"(117.17457347100793, 39.1818586001854)",117.17457347100793,39.1818586001854,1,70,100
10872,天津市塘沽区新塘组团·星海苑,"(117.58438601415403, 39.03908709023328)",117.58438601415403,39.03908709023328,1,70,100
10873,天津市塘沽区新塘组团佳和苑,"(117.58270591335872, 39.042939778716665)",117.58270591335872,39.042939778716665,0,50,100
10874,天津市塘沽区新塘组团佳成苑,"(117.58472638211175, 39.042697104755355)",117.58472638211175,39.042697104755355,1,70,100
10875,天津市塘沽区新塘组团佳顺苑,"(117.58940879958251, 39.04225175661866)",117.58940879958251,39.04225175661866,0,50,100
10876,天津市河东区新天地家园,"(117.22753064692381, 39.14746854703123)",117.22753064692381,39.14746854703123,1,70,100
10877,天津市蓟州区新宇花园,"(117.4248111131921, 39.98673526734784)",117.4248111131921,39.98673526734784,1,75,100
10878,天津市和平区新安庆里,"(117.20336326429721, 39.11655500455694)",117.20336326429721,39.11655500455694,1,70,100
10879,天津市南开区新安花园,"(117.19590391500347, 39.14504861147287)",117.19590391500347,39.14504861147287,1,70,100
10880,天津市和平区新宜里,"(117.19849417894149, 39.1154534058011)",117.19849417894149,39.1154534058011,1,70,100
10881,天津市津南区新尚园,"(117.2992650130842, 39.01619435043732)",117.2992650130842,39.01619435043732,1,70,100
10882,天津市塘沽区新尚里,"(117.71989189694273, 39.00817181636578)",117.71989189694273,39.00817181636578,1,70,100
10883,天津市南开区新庆里,"(117.1755476833335, 39.14272387218178)",117.1755476833335,39.14272387218178,1,70,100
10884,天津市和平区新建村,"(117.19671598318448, 39.10758508822977)",117.19671598318448,39.10758508822977,1,70,100
10885,天津市南开区新建楼,"(117.17785507086643, 39.140922411832705)",117.17785507086643,39.140922411832705,1,70,100
10886,天津市塘沽区新建里(塘沽区),"(117.22942688002482, 39.11538419226352)",117.22942688002482,39.11538419226352,1,70,100
10887,天津市津南区新建里(津南区),"(117.40422347802277, 38.993592294161076)",117.40422347802277,38.993592294161076,1,70,100
10888,天津市河东区新开路355号,"(117.2333457378121, 39.138949433779906)",117.2333457378121,39.138949433779906,1,80,100
10889,天津市塘沽区新开里,"(117.72011350891204, 39.010550651650036)",117.72011350891204,39.010550651650036,1,70,100
10890,天津市河西区新德里,"(117.21801498648716, 39.107188167020745)",117.21801498648716,39.107188167020745,1,75,100
10891,天津市西青区新惠园,"(116.98068518600641, 39.09120466958187)",116.98068518600641,39.09120466958187,1,70,100
10892,天津市和平区新文化花园新丽居,"(117.19060211588356, 39.1353562066622)",117.19060211588356,39.1353562066622,1,75,100
10893,天津市和平区新文化花园新典居,"(117.19234923026993, 39.13174061513571)",117.19234923026993,39.13174061513571,0,50,100
10894,天津市和平区新文化花园新景居,"(117.1904882107449, 39.13090142579338)",117.1904882107449,39.13090142579338,1,70,100
10895,天津市和平区新文化花园新秀居,"(117.19242414894946, 39.135000861715945)",117.19242414894946,39.135000861715945,1,70,100
10896,天津市和平区新文化花园新雅居,"(117.1925129913644, 39.13392502095558)",117.1925129913644,39.13392502095558,0,50,100
10897,天津市津南区新旭园,"(117.40266482813242, 38.987348659292834)",117.40266482813242,38.987348659292834,1,70,100
10898,天津市塘沽区新星里,"(117.6365498066435, 39.01495016293802)",117.6365498066435,39.01495016293802,1,70,100
10899,天津市和平区新春巷,"(117.18911317450078, 39.10961991270772)",117.18911317450078,39.10961991270772,0,30,100
10900,天津市红桥区新春花苑,"(117.17561595455226, 39.15107010419998)",117.17561595455226,39.15107010419998,1,70,100
10901,天津市津南区新景园（津南）,"(117.29979106079084, 39.02065398521995)",117.29979106079084,39.02065398521995,1,70,100
10902,天津市河东区新景安里,"(117.23097672652119, 39.133235164417975)",117.23097672652119,39.133235164417975,1,70,100
10903,天津市河东区新月花苑,"(117.27443315387188, 39.14420132739767)",117.27443315387188,39.14420132739767,1,70,100
10904,天津市红桥区新村十段小区,"(117.16670305711281, 39.18018085690913)",117.16670305711281,39.18018085690913,1,70,100
10905,天津市滨海新区新村南里,"(117.81528888786364, 39.2428289952575)",117.81528888786364,39.2428289952575,1,70,100
10906,天津市塘沽区新桥里,"(117.66759722134046, 39.00372043020973)",117.66759722134046,39.00372043020973,1,70,100
10907,天津市河西区新梅江锦秀里,"(0, 0)",0.0,0.0,0,0,0
10908,天津市和平区新欣里,"(117.19048111413139, 39.11969580585166)",117.19048111413139,39.11969580585166,1,70,100
10909,天津市西青区新民园,"(116.97886333260162, 39.08923630837989)",116.97886333260162,39.08923630837989,1,70,100
10910,天津市塘沽区新民里,"(117.72303731368591, 39.004821334680585)",117.72303731368591,39.004821334680585,1,70,100
10911,天津市和平区新汇华庭,"(117.19419848199276, 39.14042829806661)",117.19419848199276,39.14042829806661,1,70,100
10912,天津市和平区新河里,"(117.19343096976505, 39.10937390037553)",117.19343096976505,39.10937390037553,1,70,100
10913,天津市南开区新泉大厦,"(117.1859682967409, 39.130699428320725)",117.1859682967409,39.130699428320725,1,75,100
10914,天津市西青区新津国际,"(117.10306224393622, 39.11118933202644)",117.10306224393622,39.11118933202644,0,50,100
10915,天津市和平区新津里,"(117.20381403400212, 39.13215509846509)",117.20381403400212,39.13215509846509,1,70,100
10916,天津市河西区新海大厦,"(117.23786924503814, 39.1066644179529)",117.23786924503814,39.1066644179529,1,75,100
10917,天津市塘沽区新港大街,"(117.77115091612252, 39.01265747258521)",117.77115091612252,39.01265747258521,0,30,100
10918,天津市静海区新湖美丽洲,"(117.09680087487057, 38.985256503423116)",117.09680087487057,38.985256503423116,1,70,100
10919,天津市武清区新湾花园北园,"(117.07333174511689, 39.365236031381386)",117.07333174511689,39.365236031381386,1,70,100
10920,天津市武清区新湾花园南园,"(117.07325979084554, 39.36345845605609)",117.07325979084554,39.36345845605609,1,70,100
10921,天津市滨海新区新澳花园,"(117.79271860260326, 39.24541646868758)",117.79271860260326,39.24541646868758,1,70,100
10922,天津市西青区新瑞园,"(116.98079316232871, 39.09469439107818)",116.98079316232871,39.09469439107818,1,70,100
10923,天津市和平区新疆路,"(117.19272490163421, 39.12896189008864)",117.19272490163421,39.12896189008864,0,30,100
10924,天津市和平区新疆路三号公寓,"(117.19215627424637, 39.12954102765512)",117.19215627424637,39.12954102765512,1,70,100
10925,天津市滨海新区新盛小区,"(117.47198679484575, 38.709075651949846)",117.47198679484575,38.709075651949846,1,70,100
10926,天津市津南区新祥园,"(117.40015316592653, 38.98752162394686)",117.40015316592653,38.98752162394686,1,70,100
10927,天津市和平区新福方里,"(117.19417620401613, 39.13284153734061)",117.19417620401613,39.13284153734061,0,30,100
10928,天津市武清区新科花园,"(117.0192981297084, 39.392735391265134)",117.0192981297084,39.392735391265134,1,70,100
10929,天津市河西区新立里,"(117.228682993232, 39.115639141285115)",117.228682993232,39.115639141285115,1,70,100
10930,天津市红桥区新竹里,"(117.15592105539876, 39.15486123346334)",117.15592105539876,39.15486123346334,1,70,100
10931,天津市塘沽区新艺路,"(117.72409677520437, 39.00538383650535)",117.72409677520437,39.00538383650535,0,30,100
10932,天津市河西区新跃里,"(117.22754484015086, 39.09979127397306)",117.22754484015086,39.09979127397306,1,70,100
10933,天津市南开区新都大厦,"(117.18570006271563, 39.1248631493602)",117.18570006271563,39.1248631493602,1,70,100
10934,天津市塘沽区新都家园,"(117.7067860687049, 39.018405772134884)",117.7067860687049,39.018405772134884,1,70,100
10935,天津市南开区新都花园,"(117.18439410616521, 39.12514780259298)",117.18439410616521,39.12514780259298,1,70,100
10936,天津市河西区新闻西里,"(117.2076150341065, 39.10292918872695)",117.2076150341065,39.10292918872695,1,70,100
10937,天津市河西区新闻里,"(117.20822686998933, 39.10296369667676)",117.20822686998933,39.10296369667676,1,70,100
10938,天津市河西区新颖里,"(117.22839131343292, 39.10274054963338)",117.22839131343292,39.10274054963338,1,70,100
10939,天津市南开区新颜西里,"(117.18241900184043, 39.12440712798592)",117.18241900184043,39.12440712798592,1,70,100
10940,天津市塘沽区新风里,"(117.72495088408326, 39.00748170073525)",117.72495088408326,39.00748170073525,1,70,100
10941,天津市塘沽区新馨家园,"(117.64132717500667, 39.04834837368436)",117.64132717500667,39.04834837368436,1,70,100
10942,天津市南开区方正中心大厦,"(117.17648120241948, 39.14289680321454)",117.17648120241948,39.14289680321454,1,75,100
10943,天津市河西区方正龙天园,"(117.27230120540504, 39.077411463991304)",117.27230120540504,39.077411463991304,1,80,100
10944,天津市北辰区方舟温泉花园,"(117.1556179671197, 39.20288213270958)",117.1556179671197,39.20288213270958,1,70,100
10945,天津市红桥区族谊里,"(117.17795361498088, 39.148392596957436)",117.17795361498088,39.148392596957436,1,70,100
10946,天津市东丽区无瑕街宿舍楼,"(117.49394075269576, 39.05069110224776)",117.49394075269576,39.05069110224776,0,50,100
10947,天津市河西区无缝大楼,"(117.27267103778351, 39.0813321322099)",117.27267103778351,39.0813321322099,1,70,100
10948,天津市河西区无锡道大楼,"(117.22276082432693, 39.11594776622398)",117.22276082432693,39.11594776622398,1,75,100
10949,天津市河北区日光里,"(117.20641148438422, 39.16459743683535)",117.20641148438422,39.16459743683535,1,70,100
10950,天津市河北区日升里,"(117.20220498917266, 39.16916013709777)",117.20220498917266,39.16916013709777,1,70,100
10951,天津市南开区日华里,"(117.13593232051294, 39.092353134731646)",117.13593232051294,39.092353134731646,1,70,100
10952,天津市河北区日方里,"(117.20104078523173, 39.16822125714155)",117.20104078523173,39.16822125714155,1,70,100
10953,天津市河东区日月家园,"(117.23384851940604, 39.13740883230852)",117.23384851940604,39.13740883230852,1,70,100
10954,天津市河北区日照公寓,"(117.20263419954532, 39.16706564681948)",117.20263419954532,39.16706564681948,1,70,100
10955,天津市河北区日照里,"(117.20137369725371, 39.16719578942859)",117.20137369725371,39.16719578942859,1,70,100
10956,天津市南开区日环里,"(117.156397965794, 39.11932407603402)",117.156397965794,39.11932407603402,1,70,100
10957,天津市河北区日盈里,"(117.20471296832595, 39.16544643147811)",117.20471296832595,39.16544643147811,1,70,100
10958,天津市宝坻区日盛园,"(117.30664486234032, 39.708466497388734)",117.30664486234032,39.708466497388734,1,70,100
10959,天津市河北区日纬路,"(117.20453025298522, 39.166781653963916)",117.20453025298522,39.166781653963916,0,30,100
10960,天津市河北区日远里,"(117.2037799882233, 39.16821908929745)",117.2037799882233,39.16821908929745,1,70,100
10961,天津市和平区旭东里,"(0, 0)",0.0,0.0,0,0,0
10962,天津市河西区旭光里,"(117.21269638905424, 39.098285159276614)",117.21269638905424,39.098285159276614,1,70,100
10963,天津市东丽区旭园,"(117.39806442595471, 39.18252042929963)",117.39806442595471,39.18252042929963,1,70,100
10964,天津市武清区旭日豪庭,"(116.91060298333997, 39.30912387895648)",116.91060298333997,39.30912387895648,0,50,100
10965,天津市北辰区旭日里,"(117.14340065286177, 39.22442359090396)",117.14340065286177,39.22442359090396,1,70,100
10966,天津市西青区旭水蓝轩,"(117.11017835069461, 39.12496741038881)",117.11017835069461,39.12496741038881,1,75,100
10967,天津市滨海新区旭辉公元大道,"(0, 0)",0.0,0.0,0,0,0
10968,天津市塘沽区旭辉景瑞·塘沽湾陆号,"(117.61644177678593, 38.996795186654666)",117.61644177678593,38.996795186654666,1,70,100
10969,天津市滨海新区旭辉朗悦湾,"(117.78114169034342, 39.241457297034906)",117.78114169034342,39.241457297034906,1,70,100
10970,天津市塘沽区旭辉澜郡,"(117.58983109300277, 39.025773497554134)",117.58983109300277,39.025773497554134,1,70,100
10971,天津市西青区旭辉燕南园,"(117.12777687427949, 39.037172191702936)",117.12777687427949,39.037172191702936,1,70,100
10972,天津市滨海新区旭辉陸號院,"(117.77457399909885, 39.13265311890195)",117.77457399909885,39.13265311890195,1,70,100
10973,天津市南开区时代公寓(南开),"(117.17023752997237, 39.11918334723052)",117.17023752997237,39.11918334723052,1,70,100
10974,天津市西青区时代华庭,"(117.01305975726382, 39.14414774221036)",117.01305975726382,39.14414774221036,1,70,100
10975,天津市塘沽区时代名居,"(117.65917372074284, 39.04137296161969)",117.65917372074284,39.04137296161969,1,70,100
10976,天津市塘沽区时代大厦,"(117.66834568949137, 39.033105416005924)",117.66834568949137,39.033105416005924,1,75,100
10977,天津市南开区时代奥城,"(117.17036392155762, 39.08249777339455)",117.17036392155762,39.08249777339455,1,70,100
10978,天津市武清区时代峰景,"(117.09115736033469, 39.3433887258986)",117.09115736033469,39.3433887258986,0,50,100
10979,天津市蓟州区时代花园(蓟州),"(117.44840447859782, 40.06487009616408)",117.44840447859782,40.06487009616408,0,50,100
10980,天津市西青区时代豪庭,"(117.01454681220503, 39.143158087761066)",117.01454681220503,39.143158087761066,1,70,100
10981,天津市武清区时光墅(武清),"(117.08028498908632, 39.329703139202046)",117.08028498908632,39.329703139202046,1,70,100
10982,天津市武清区时光树花园,"(117.08103543350936, 39.32959325403209)",117.08103543350936,39.32959325403209,1,70,100
10983,天津市宝坻区旺城温莎郡,"(117.29837092961012, 39.68855194993299)",117.29837092961012,39.68855194993299,1,70,100
10984,天津市河北区旺海·CLASS,"(0, 0)",0.0,0.0,0,0,0
10985,天津市河北区旺海公府,"(117.20710524572958, 39.151034990474166)",117.20710524572958,39.151034990474166,1,70,100
10986,天津市河北区昆云里,"(117.21552039208595, 39.16322251915087)",117.21552039208595,39.16322251915087,1,70,100
10987,天津市河西区昆仑中心,"(117.20976270291975, 39.1099726571869)",117.20976270291975,39.1099726571869,1,75,100
10988,天津市东丽区昆仑北里A区,"(117.2800665175555, 39.13412393065728)",117.2800665175555,39.13412393065728,1,70,100
10989,天津市东丽区昆仑北里B区,"(117.27911772727586, 39.13190839582091)",117.27911772727586,39.13190839582091,1,70,100
10990,天津市东丽区昆仑北里C区,"(117.28189950994862, 39.1294968070993)",117.28189950994862,39.1294968070993,0,50,100
10991,天津市东丽区昆仑里(东丽区),"(117.28624542217533, 39.120869484986194)",117.28624542217533,39.120869484986194,1,70,100
10992,天津市河西区昆仑里(河西区),"(117.27366636028856, 39.07265951070907)",117.27366636028856,39.07265951070907,1,70,100
10993,天津市东丽区昆俞家园,"(117.29144634158645, 39.17151154726218)",117.29144634158645,39.17151154726218,1,70,100
10994,天津市东丽区昆俞欣园,"(117.29549599265599, 39.17100862934644)",117.29549599265599,39.17100862934644,1,70,100
10995,天津市东丽区昆华里,"(117.28624542217533, 39.120869484986194)",117.28624542217533,39.120869484986194,1,70,100
10996,天津市河北区昆宏里,"(117.21430803896969, 39.15898514057147)",117.21430803896969,39.15898514057147,1,70,100
10997,天津市河北区昆山里,"(117.2484292754607, 39.161638812585466)",117.2484292754607,39.161638812585466,1,70,100
10998,天津市河北区昆峰里,"(117.21600646519741, 39.16124247818733)",117.21600646519741,39.16124247818733,1,70,100
10999,天津市东丽区昆悦里,"(117.2865930664077, 39.11864870115684)",117.2865930664077,39.11864870115684,1,70,100
11000,天津市和平区昆明公寓,"(117.19684057815871, 39.11729940143247)",117.19684057815871,39.11729940143247,1,70,100
11001,天津市和平区昆明路,"(117.19696113075815, 39.116402653104956)",117.19696113075815,39.116402653104956,0,30,100
11002,天津市河北区昆璞里,"(117.21379852008442, 39.16669528801769)",117.21379852008442,39.16669528801769,0,50,100
11003,天津市河北区昆石里,"(117.21471613916287, 39.164694785015634)",117.21471613916287,39.164694785015634,1,70,100
11004,天津市河北区昆纬路,"(117.21447368650573, 39.16191177636474)",117.21447368650573,39.16191177636474,0,30,100
11005,天津市和平区昆营里,"(117.19574204035055, 39.11704207908846)",117.19574204035055,39.11704207908846,1,70,100
11006,天津市南开区昆裕里,"(117.1820694711665, 39.134161641578)",117.1820694711665,39.134161641578,0,50,100
11007,天津市东丽区昊园,"(117.3795886172088, 39.17944279369828)",117.3795886172088,39.17944279369828,1,70,100
11008,天津市红桥区昌图楼,"(117.14977583723554, 39.19397070035003)",117.14977583723554,39.19397070035003,1,70,100
11009,天津市南开区昌宁北里,"(117.14998262716395, 39.111465992419255)",117.14998262716395,39.111465992419255,1,70,100
11010,天津市南开区昌宁南里,"(117.1502494239004, 39.10940630546339)",117.1502494239004,39.10940630546339,1,70,100
11011,天津市河北区昌海公寓,"(117.21174400555256, 39.1528750798008)",117.21174400555256,39.1528750798008,1,70,100
11012,天津市河北区昌海里,"(117.21153955121848, 39.15414353598674)",117.21153955121848,39.15414353598674,1,70,100
11013,天津市河西区昌源公寓,"(117.29101767019709, 39.06822517439325)",117.29101767019709,39.06822517439325,1,70,100
11014,天津市南开区昌源里,"(117.16022950828571, 39.14427114197947)",117.16022950828571,39.14427114197947,1,70,100
11015,天津市红桥区明华里,"(117.16304857063712, 39.15135409105447)",117.16304857063712,39.15135409105447,1,70,100
11016,天津市河东区明和里,"(117.21819689335294, 39.14846653441321)",117.21819689335294,39.14846653441321,1,70,100
11017,天津市南开区明园里,"(117.14482042472031, 39.09767202214559)",117.14482042472031,39.09767202214559,1,70,100
11018,天津市滨海新区明城东岸,"(117.83123048693538, 39.24076445201533)",117.83123048693538,39.24076445201533,1,70,100
11019,天津市河东区明家庄园,"(117.31183113937163, 39.10527681041548)",117.31183113937163,39.10527681041548,1,70,100
11020,天津市河北区明山里,"(117.24794598709632, 39.1571312240153)",117.24794598709632,39.1571312240153,1,70,100
11021,天津市东丽区明昕园,"(117.30726801687258, 39.16664213968996)",117.30726801687258,39.16664213968996,1,70,100
11022,天津市塘沽区明星里,"(117.67822498399845, 39.023573029697445)",117.67822498399845,39.023573029697445,1,70,100
11023,天津市东丽区明湖苑,"(117.39856945331242, 39.176416485049444)",117.39856945331242,39.176416485049444,1,70,100
11024,天津市和平区明源里,"(117.22669531263007, 39.12412331143124)",117.22669531263007,39.12412331143124,1,70,100
11025,天津市河北区明溪里,"(117.22871317629715, 39.15800870542898)",117.22871317629715,39.15800870542898,1,70,100
11026,天津市开发区明珠园,"(117.01981627232657, 39.14207684608426)",117.01981627232657,39.14207684608426,1,70,100
11027,天津市开发区明珠湾,"(117.73454900896573, 39.02925912377694)",117.73454900896573,39.02925912377694,1,70,100
11028,天津市塘沽区明珠花园(塘沽区),"(117.31088666095843, 39.15696686113357)",117.31088666095843,39.15696686113357,1,70,100
11029,天津市东丽区明瑞园,"(117.31100281186087, 39.16708935363203)",117.31100281186087,39.16708935363203,1,70,100
11030,天津市东丽区明盛园,"(117.30955384507328, 39.168654614818436)",117.30955384507328,39.168654614818436,1,70,100
11031,天津市和平区明筑轩,"(117.18820049610264, 39.13302036996711)",117.18820049610264,39.13302036996711,1,70,100
11032,天津市滨海新区易居庭苑,"(117.83065934429213, 39.265284716307505)",117.83065934429213,39.265284716307505,1,70,100
11033,天津市南开区易川里,"(117.13473380130152, 39.130773944255836)",117.13473380130152,39.130773944255836,1,70,100
11034,天津市南开区昔阳东里,"(117.13504596246624, 39.14012236972498)",117.13504596246624,39.14012236972498,1,70,100
11035,天津市南开区昔阳南里,"(117.13369958216788, 39.13874095330226)",117.13369958216788,39.13874095330226,1,70,100
11036,天津市南开区昔阳里,"(117.13365960757268, 39.1402346532075)",117.13365960757268,39.1402346532075,1,70,100
11037,天津市蓟州区昕瑞园,"(117.42407090945188, 40.03369466311206)",117.42407090945188,40.03369466311206,1,70,100
11038,天津市津南区昕盛里,"(117.355964260263, 39.03417594171005)",117.355964260263,39.03417594171005,1,70,100
11039,天津市滨海新区星光园,"(117.24191826729383, 38.63996078512627)",117.24191826729383,38.63996078512627,1,70,100
11040,天津市红桥区星公馆,"(117.16162601403153, 39.17906208259364)",117.16162601403153,39.17906208259364,1,70,100
11041,天津市河东区星品大厦,"(117.26334303336789, 39.12617507763603)",117.26334303336789,39.12617507763603,1,75,100
11042,天津市河西区星图温泉公寓,"(117.21264114326537, 39.10644583222223)",117.21264114326537,39.10644583222223,1,75,100
11043,天津市津南区星宇花园,"(117.40467496637208, 38.994465939506185)",117.40467496637208,38.994465939506185,1,70,100
11044,天津市南开区星座园,"(117.1718153137701, 39.140611168838674)",117.1718153137701,39.140611168838674,1,70,100
11045,天津市宝坻区星河传奇,"(117.35564572112914, 39.74043992479008)",117.35564572112914,39.74043992479008,0,50,100
11046,天津市北辰区星河时代,"(117.11276250615516, 39.2001853647574)",117.11276250615516,39.2001853647574,1,70,100
11047,天津市宝坻区星河湾花园,"(117.31423949644388, 39.70680850293819)",117.31423949644388,39.70680850293819,1,70,100
11048,天津市西青区星河湾花苑,"(117.02896560377623, 39.142561154322166)",117.02896560377623,39.142561154322166,0,50,100
11049,天津市河东区星河花园,"(117.26435093215008, 39.14646613839067)",117.26435093215008,39.14646613839067,1,70,100
11050,天津市西青区星河荣御,"(117.03891541526586, 39.07892271946275)",117.03891541526586,39.07892271946275,1,70,100
11051,天津市静海区星河领御,"(117.18062463658426, 38.90592318464877)",117.18062463658426,38.90592318464877,0,50,100
11052,天津市西青区星河香堤园,"(117.04113521801156, 39.08036056300773)",117.04113521801156,39.08036056300773,1,70,100
11053,天津市滨海新区星海新苑,"(117.82600486412272, 39.25629794802337)",117.82600486412272,39.25629794802337,1,70,100
11054,天津市南开区星澜园,"(117.16557649217275, 39.133196683376)",117.16557649217275,39.133196683376,1,70,100
11055,天津市南开区星环里,"(117.15642895733409, 39.11030405340434)",117.15642895733409,39.11030405340434,1,70,100
11056,天津市开发区星缘东轩,"(117.73304470655872, 39.02997957516359)",117.73304470655872,39.02997957516359,1,70,100
11057,天津市开发区星缘轩,"(117.73095318183984, 39.03079937565231)",117.73095318183984,39.03079937565231,1,70,100
11058,天津市滨海新区星达里,"(117.79695285545507, 39.245310990563624)",117.79695285545507,39.245310990563624,1,70,100
11059,天津市河东区映日嘉园,"(117.29974398958211, 39.10472189967759)",117.29974398958211,39.10472189967759,1,70,100
11060,天津市东丽区映湖苑,"(117.51338197037326, 39.18176267429499)",117.51338197037326,39.18176267429499,1,70,100
11061,天津市南开区春丰园,"(117.15115617348216, 39.12021133977137)",117.15115617348216,39.12021133977137,1,70,100
11062,天津市河西区春光楼（河西区）,"(117.19054031246449, 39.106134645593826)",117.19054031246449,39.106134645593826,1,70,100
11063,天津市河东区春华里（河东区）,"(117.22053069106785, 39.14813566893607)",117.22053069106785,39.14813566893607,1,70,100
11064,天津市河北区春厦里,"(117.23257005100423, 39.16637457920404)",117.23257005100423,39.16637457920404,1,70,100
11065,天津市河北区春和仁居,"(117.23990426634045, 39.18287462345397)",117.23990426634045,39.18287462345397,1,70,100
11066,天津市宝坻区春天花园,"(117.29758060042244, 39.71807992250861)",117.29758060042244,39.71807992250861,1,70,100
11067,天津市东丽区春庭园,"(117.38335584102599, 39.18511643634991)",117.38335584102599,39.18511643634991,1,70,100
11068,天津市和平区春星里,"(117.2008230359761, 39.129423129433796)",117.2008230359761,39.129423129433796,1,70,100
11069,天津市南开区春晓花园,"(117.15912369420293, 39.13075491296353)",117.15912369420293,39.13075491296353,1,70,100
11070,天津市滨海新区春晖北里,"(117.4773732143447, 38.856742805284725)",117.4773732143447,38.856742805284725,1,70,100
11071,天津市南开区春晖里(南开区),"(117.1857336593417, 39.13551810175198)",117.1857336593417,39.13551810175198,1,70,100
11072,天津市滨海新区春晖里(大港区),"(117.47737662790561, 38.85523097787292)",117.47737662790561,38.85523097787292,1,70,57
11073,天津市南开区春景大厦,"(117.15109499887696, 39.121000133596624)",117.15109499887696,39.121000133596624,1,75,100
11074,天津市和平区春来胡同,"(117.18978037115559, 39.120181600068605)",117.18978037115559,39.120181600068605,0,30,100
11075,天津市河北区春柳公寓,"(117.21226008206804, 39.1643582618501)",117.21226008206804,39.1643582618501,1,70,100
11076,天津市武清区春梅巷小区,"(117.06864932764613, 39.38646891902123)",117.06864932764613,39.38646891902123,1,70,100
11077,天津市河西区春梅楼,"(117.22545951373999, 39.11421224060381)",117.22545951373999,39.11421224060381,1,70,100
11078,天津市东丽区春江里,"(117.26318475193705, 39.17525653539437)",117.26318475193705,39.17525653539437,1,70,100
11079,天津市滨海新区春港花园,"(117.4695602920022, 38.86128511681664)",117.4695602920022,38.86128511681664,1,70,100
11080,天津市武清区春满古城文苑巷,"(117.08914084412588, 39.38834767943785)",117.08914084412588,39.38834767943785,1,70,100
11081,天津市宝坻区春满园,"(117.28640217648683, 39.663472425030704)",117.28640217648683,39.663472425030704,1,70,100
11082,天津市南开区春畅里,"(0, 0)",0.0,0.0,0,0,0
11083,天津市东丽区春竹轩,"(117.45596479743091, 39.06812531070654)",117.45596479743091,39.06812531070654,1,70,100
11084,天津市红桥区春至里,"(117.16894450902132, 39.18973337199312)",117.16894450902132,39.18973337199312,1,70,100
11085,天津市河北区春艳里,"(117.23108919437104, 39.159385474331465)",117.23108919437104,39.159385474331465,1,70,100
11086,天津市和平区春荣里,"(117.199872538916, 39.130122049573494)",117.199872538916,39.130122049573494,1,70,100
11087,天津市武清区春蕾巷,"(0, 0)",0.0,0.0,0,0,0
11088,天津市滨海新区春阳北里,"(117.41196013422746, 38.68182465754527)",117.41196013422746,38.68182465754527,1,70,100
11089,天津市滨海新区春阳南里,"(117.41308714832027, 38.67979870370756)",117.41308714832027,38.67979870370756,1,70,100
11090,天津市东丽区春霞里,"(117.50625867717079, 39.05256206260077)",117.50625867717079,39.05256206260077,1,70,100
11091,天津市塘沽区春风里(塘沽区),"(117.1607246542828, 39.19346172284234)",117.1607246542828,39.19346172284234,1,70,100
11092,天津市红桥区春风里(红桥区),"(117.1607246542828, 39.19346172284234)",117.1607246542828,39.19346172284234,1,70,100
11093,天津市南开区春香里,"(117.17623596501525, 39.125327424623634)",117.17623596501525,39.125327424623634,1,70,100
11094,天津市和平区昭明里,"(117.20829136832495, 39.11907592848517)",117.20829136832495,39.11907592848517,1,70,100
11095,天津市河东区昱发园,"(117.27358748906478, 39.14367582702249)",117.27358748906478,39.14367582702249,1,70,100
11096,天津市东丽区昱和里,"(117.26195524118553, 39.2091162004527)",117.26195524118553,39.2091162004527,1,70,100
11097,天津市开发区昱泉园,"(117.69366119639027, 39.03208371047629)",117.69366119639027,39.03208371047629,1,70,100
11098,天津市南开区晋丰大厦,"(117.18360216002762, 39.14383364544208)",117.18360216002762,39.14383364544208,1,75,100
11099,天津市南开区晋宁北里,"(117.15336348978128, 39.10934009548385)",117.15336348978128,39.10934009548385,1,70,100
11100,天津市和平区晓园,"(117.20175134489011, 39.11015728741695)",117.20175134489011,39.11015728741695,1,70,100
11101,天津市开发区晓园新邸,"(117.68858334483402, 39.032170032627626)",117.68858334483402,39.032170032627626,1,70,100
11102,天津市河东区晓德里,"(117.23874015223006, 39.138411650823485)",117.23874015223006,39.138411650823485,1,70,100
11103,天津市河西区晓星园,"(117.23200322022744, 39.10449777832523)",117.23200322022744,39.10449777832523,1,70,100
11104,天津市红桥区晓春新居,"(117.15227106045062, 39.15154924391279)",117.15227106045062,39.15154924391279,1,70,100
11105,天津市红桥区晓春里,"(117.15309929813081, 39.15112732134882)",117.15309929813081,39.15112732134882,1,70,100
11106,天津市塘沽区晓镇家园,"(117.6767658663586, 39.05384060515413)",117.6767658663586,39.05384060515413,1,70,100
11107,天津市塘沽区晟卉花园,"(117.66678398536227, 38.99654197783388)",117.66678398536227,38.99654197783388,1,70,100
11108,天津市宁河区晨光楼(宁河区),"(117.8406323320639, 39.336949455125854)",117.8406323320639,39.336949455125854,1,70,100
11109,天津市河东区晨光楼(河东区),"(117.25382395937031, 39.14220045938293)",117.25382395937031,39.14220045938293,0,50,100
11110,天津市和平区晨光里,"(117.21565325147088, 39.1191556353094)",117.21565325147088,39.1191556353094,1,70,100
11111,天津市河北区晨悦大厦,"(117.20632057586661, 39.16829006867426)",117.20632057586661,39.16829006867426,1,75,100
11112,天津市滨海新区晨星园(大港区),"(117.24167473667005, 38.648143123644786)",117.24167473667005,38.648143123644786,1,70,57
11113,天津市河西区晨星园(河西区),"(117.23403922966581, 39.105308237493766)",117.23403922966581,39.105308237493766,1,70,100
11114,天津市滨海新区晨晖北里,"(117.47087100957182, 38.857213633548604)",117.47087100957182,38.857213633548604,1,70,100
11115,天津市滨海新区晨晖里,"(117.47260905107252, 38.85517794426437)",117.47260905107252,38.85517794426437,0,50,100
11116,天津市南开区晨熙公寓,"(117.18272083249178, 39.08887050745293)",117.18272083249178,39.08887050745293,1,70,100
11117,天津市北辰区晨辉里公寓,"(117.14209325902256, 39.22641217888981)",117.14209325902256,39.22641217888981,1,70,100
11118,天津市河东区晨阳花园,"(117.2568067828162, 39.144730601333606)",117.2568067828162,39.144730601333606,1,70,100
11119,天津市河东区晨阳里,"(117.25436797318716, 39.14418880553642)",117.25436797318716,39.14418880553642,1,70,100
11120,天津市北辰区普东新苑,"(117.20676577607735, 39.19504980985058)",117.20676577607735,39.19504980985058,1,70,100
11121,天津市北辰区普兴里,"(117.20375465600792, 39.19939348126412)",117.20375465600792,39.19939348126412,1,70,100
11122,天津市北辰区普发里,"(117.20564846368406, 39.20639241585121)",117.20564846368406,39.20639241585121,1,70,100
11123,天津市北辰区普同里,"(117.20264560802529, 39.20071777884982)",117.20264560802529,39.20071777884982,1,70,100
11124,天津市北辰区普天东里,"(117.19137043658627, 39.19523875889804)",117.19137043658627,39.19523875889804,0,50,100
11125,天津市河北区普天南里,"(0, 0)",0.0,0.0,0,0,0
11126,天津市北辰区普天里,"(117.18728548211018, 39.19747108705706)",117.18728548211018,39.19747108705706,1,70,100
11127,天津市北辰区普庆里,"(117.2042228528397, 39.2052539329082)",117.2042228528397,39.2052539329082,1,70,100
11128,天津市北辰区普康里,"(117.20983735210764, 39.210214504383266)",117.20983735210764,39.210214504383266,1,70,100
11129,天津市北辰区普旺里,"(117.20750894422576, 39.20561716753121)",117.20750894422576,39.20561716753121,1,70,100
11130,天津市津南区普明南里,"(117.3868370443688, 38.98580107291787)",117.3868370443688,38.98580107291787,1,70,100
11131,天津市津南区普明里丁区,"(117.38828897556459, 38.986693114478506)",117.38828897556459,38.986693114478506,1,70,100
11132,天津市津南区普明里甲区,"(117.38678099010498, 38.9883161901883)",117.38678099010498,38.9883161901883,1,70,100
11133,天津市北辰区普泽家园,"(117.19994709827333, 39.20658461906771)",117.19994709827333,39.20658461906771,1,70,100
11134,天津市北辰区普济里,"(117.18330850395641, 39.19312925317629)",117.18330850395641,39.19312925317629,1,70,100
11135,天津市北辰区普润家园,"(117.20237818247497, 39.20567287219238)",117.20237818247497,39.20567287219238,1,70,100
11136,天津市北辰区普祥里,"(117.20782703420684, 39.20917609567917)",117.20782703420684,39.20917609567917,1,70,100
11137,天津市津南区普红馨苑,"(117.38720786488334, 38.98967989533338)",117.38720786488334,38.98967989533338,1,70,100
11138,天津市北辰区普达里,"(117.20709590335227, 39.20763921120676)",117.20709590335227,39.20763921120676,1,70,100
11139,天津市津南区普霖花园,"(117.27330631944015, 39.033431220768556)",117.27330631944015,39.033431220768556,1,70,100
11140,天津市南开区景丰园,"(117.15112194804225, 39.11921581775035)",117.15112194804225,39.11921581775035,1,70,100
11141,天津市河西区景兴西里,"(117.22714895691261, 39.10581764816431)",117.22714895691261,39.10581764816431,1,80,100
11142,天津市河西区景兴里,"(117.22687425508767, 39.105066899568214)",117.22687425508767,39.105066899568214,0,50,100
11143,天津市西青区景园里,"(117.12027719106834, 39.134050047978064)",117.12027719106834,39.134050047978064,1,70,100
11144,天津市南开区景域名邸,"(117.16644299766767, 39.12981320735872)",117.16644299766767,39.12981320735872,1,70,100
11145,天津市蓟州区景庐花园,"(0, 0)",0.0,0.0,0,0,0
11146,天津市河东区景悦公寓,"(117.26134223750552, 39.12884567016771)",117.26134223750552,39.12884567016771,1,70,100
11147,天津市河北区景明别苑,"(117.24005958336312, 39.18035544309495)",117.24005958336312,39.18035544309495,1,70,100
11148,天津市津南区景明大厦,"(117.38870066897981, 39.002998096836414)",117.38870066897981,39.002998096836414,1,75,100
11149,天津市津南区景明花园,"(117.38919743192682, 39.00178725175488)",117.38919743192682,39.00178725175488,1,70,100
11150,天津市东丽区景欣苑,"(117.31595615827344, 39.1002274363802)",117.31595615827344,39.1002274363802,1,70,100
11151,天津市武清区景汇名园,"(117.09364602591954, 39.352038446675444)",117.09364602591954,39.352038446675444,1,70,100
11152,天津市东丽区景湖苑,"(117.39751672908528, 39.17373400664051)",117.39751672908528,39.17373400664051,1,70,100
11153,天津市南开区景湖里,"(117.15854276002962, 39.12190738943739)",117.15854276002962,39.12190738943739,1,70,100
11154,天津市宝坻区景瑞悦府,"(117.33488884520173, 39.74572673836208)",117.33488884520173,39.74572673836208,0,50,100
11155,天津市海河教育园区景瑞翰邻,"(117.37169179313169, 38.98899499629688)",117.37169179313169,38.98899499629688,1,70,100
11156,天津市武清区景瑞花园,"(117.11125326306785, 39.41523288214437)",117.11125326306785,39.41523288214437,1,70,100
11157,天津市北辰区景瑞阳光尚城,"(117.21469799339157, 39.26971213076698)",117.21469799339157,39.26971213076698,1,70,100
11158,天津市河西区景福里,"(117.22885942043416, 39.10399360764798)",117.22885942043416,39.10399360764798,1,70,100
11159,天津市河北区景秀里,"(117.22720420270149, 39.16230125319564)",117.22720420270149,39.16230125319564,1,70,100
11160,天津市河西区景致里,"(117.2845911925787, 39.07194040848099)",117.2845911925787,39.07194040848099,1,70,100
11161,天津市河西区景观花园,"(117.2291467883668, 39.07654424362976)",117.2291467883668,39.07654424362976,1,70,100
11162,天津市河北区景逸园,"(117.22344982465309, 39.160109692130725)",117.22344982465309,39.160109692130725,1,70,100
11163,天津市和平区景阳里,"(117.19546131987869, 39.12301777338182)",117.19546131987869,39.12301777338182,1,70,100
11164,天津市河西区景隆大厦,"(117.21778313383504, 39.11233375971759)",117.21778313383504,39.11233375971759,1,70,100
11165,天津市南开区晴川大厦,"(117.1370879905515, 39.134505096874214)",117.1370879905515,39.134505096874214,1,70,100
11166,天津市南开区晴川花园,"(117.13599960359564, 39.13512490732196)",117.13599960359564,39.13512490732196,1,70,100
11167,天津市塘沽区晴景家园,"(117.67700795969354, 39.056572656027484)",117.67700795969354,39.056572656027484,1,70,100
11168,天津市河东区晶品轩,"(117.26244499734956, 39.12509511244341)",117.26244499734956,39.12509511244341,1,70,100
11169,天津市河西区晶采大厦,"(117.22951644108417, 39.11262189331132)",117.22951644108417,39.11262189331132,1,75,100
11170,天津市武清区智城花园,"(116.94737673634084, 39.27397936573492)",116.94737673634084,39.27397936573492,1,70,100
11171,天津市河北区智贤公寓,"(117.21668522484073, 39.189319510165774)",117.21668522484073,39.189319510165774,1,70,100
11172,天津市西青区智达里,"(117.12128958137808, 39.06244328052035)",117.12128958137808,39.06244328052035,1,70,100
11173,天津市塘沽区智造创想城,"(117.63873511445762, 39.07603581012719)",117.63873511445762,39.07603581012719,1,70,100
11174,天津市塘沽区暖塘·欣康苑,"(117.64223904492985, 39.13884519361887)",117.64223904492985,39.13884519361887,1,70,100
11175,天津市北辰区暖洋家园,"(117.13095310290167, 39.194352867943195)",117.13095310290167,39.194352867943195,1,70,100
11176,天津市北辰区暖香里,"(117.13038797890533, 39.19579777385343)",117.13038797890533,39.19579777385343,1,70,100
11177,天津市红桥区曙光楼（红桥）,"(117.17079286243865, 39.187528550713175)",117.17079286243865,39.187528550713175,1,70,100
11178,天津市滨海新区曙光里(大港区),"(117.46418707759427, 38.85484182967243)",117.46418707759427,38.85484182967243,1,70,57
11179,天津市河西区曙光里(河西区),"(117.23272276294092, 39.09320118765937)",117.23272276294092,39.09320118765937,1,70,57
11180,天津市河东区曲溪东里,"(117.28263046114208, 39.142916950491475)",117.28263046114208,39.142916950491475,1,70,100
11181,天津市河东区曲溪中里,"(117.28125353845638, 39.1431138758262)",117.28125353845638,39.1431138758262,0,50,100
11182,天津市河东区曲溪西里,"(117.27879586441163, 39.141766097934564)",117.27879586441163,39.141766097934564,1,70,100
11183,天津市和平区曲阜道,"(117.22126307955014, 39.123689187429385)",117.22126307955014,39.123689187429385,0,30,100
11184,天津市和平区曲阳胡同,"(0, 0)",0.0,0.0,0,0,0
11185,天津市蓟州区曲院风荷,"(117.43736035133595, 40.059601972471)",117.43736035133595,40.059601972471,1,70,100
11186,天津市和平区更生里,"(117.20080174613551, 39.11067744092442)",117.20080174613551,39.11067744092442,1,70,100
11187,天津市武清区曹园小区,"(117.08521524904728, 39.4077992034756)",117.08521524904728,39.4077992034756,1,70,100
11188,天津市河北区月云公寓,"(117.20830690901028, 39.166832074843406)",117.20830690901028,39.166832074843406,1,70,100
11189,天津市武清区月伴湾花园,"(117.08810761312832, 39.31575484331593)",117.08810761312832,39.31575484331593,1,70,100
11190,天津市河东区月华里,"(117.2703879943299, 39.15031529509922)",117.2703879943299,39.15031529509922,1,70,100
11191,天津市东丽区月憬苑,"(117.50460902893226, 39.18762817395384)",117.50460902893226,39.18762817395384,1,70,100
11192,天津市东丽区月映苑,"(117.50764862528636, 39.18929588081838)",117.50764862528636,39.18929588081838,1,70,100
11193,天津市河北区月桂园,"(117.20325367102501, 39.17074751897632)",117.20325367102501,39.17074751897632,1,70,100
11194,天津市河北区月梦园,"(117.2428310355225, 39.16586609956133)",117.2428310355225,39.16586609956133,1,70,100
11195,天津市滨海新区月汐苑,"(117.71346838373252, 38.958037022858086)",117.71346838373252,38.958037022858086,1,70,100
11196,天津市河东区月泉公寓,"(117.23957099499624, 39.14211497245043)",117.23957099499624,39.14211497245043,1,70,100
11197,天津市河北区月洁里,"(0, 0)",0.0,0.0,0,0,0
11198,天津市东丽区月牙河东里,"(0, 0)",0.0,0.0,0,0,0
11199,天津市河北区月牙河北里,"(117.25372200169492, 39.173239355949214)",117.25372200169492,39.173239355949214,1,70,100
11200,天津市南开区月环里,"(117.1564338980144, 39.114463274779006)",117.1564338980144,39.114463274779006,1,70,100
11201,天津市塘沽区月琴轩,"(117.72104810596463, 39.11350595282975)",117.72104810596463,39.11350595282975,1,70,100
11202,天津市河北区月皎里,"(0, 0)",0.0,0.0,0,0,0
11203,天津市河北区月皓里,"(117.20708665080552, 39.16753586539591)",117.20708665080552,39.16753586539591,1,70,100
11204,天津市河北区月秋里,"(117.20815419707358, 39.16572168814951)",117.20815419707358,39.16572168814951,1,70,100
11205,天津市开发区月荣轩,"(117.73640481831879, 39.03052274661035)",117.73640481831879,39.03052274661035,1,70,100
11206,天津市东丽区月荷苑,"(117.50520460548537, 39.189410532014925)",117.50520460548537,39.189410532014925,1,70,100
11207,天津市河东区月西里,"(117.27256072586687, 39.145370257738236)",117.27256072586687,39.145370257738236,1,70,100
11208,天津市开发区月韵轩,"(117.73185508057185, 39.03234183581381)",117.73185508057185,39.03234183581381,1,70,100
11209,天津市和平区有声里,"(117.20913200262119, 39.11358713569553)",117.20913200262119,39.11358713569553,1,70,100
11210,天津市河西区有机合成宿舍,"(117.26395424043689, 39.07234222150429)",117.26395424043689,39.07234222150429,0,50,100
11211,天津市河西区服务楼,"(117.20973359782123, 39.105254762456816)",117.20973359782123,39.105254762456816,0,50,100
11212,天津市西青区朗庭园,"(117.1926389337969, 39.066086757795716)",117.1926389337969,39.066086757795716,1,70,100
11213,天津市和平区朗文名邸,"(117.19724203089112, 39.109809093152684)",117.19724203089112,39.109809093152684,1,70,100
11214,天津市开发区朗月轩,"(117.73768795790924, 39.02704706333103)",117.73768795790924,39.02704706333103,1,70,100
11215,天津市滨海新区朗诗中福翡翠澜湾朗泓园,"(117.7939976998189, 39.107577879136024)",117.7939976998189,39.107577879136024,1,70,100
11216,天津市滨海新区朗诗中福翡翠澜湾朗润园,"(117.79228400239752, 39.10556623297433)",117.79228400239752,39.10556623297433,1,70,100
11217,天津市东丽区朗钜水镜天苑,"(117.49822378353679, 39.19521946556707)",117.49822378353679,39.19521946556707,1,70,100
11218,天津市东丽区朗钜维尔蓝堤花园,"(117.4994041569769, 39.19957822459454)",117.4994041569769,39.19957822459454,1,70,100
11219,天津市南开区望园里,"(117.18115418768238, 39.10351393168527)",117.18115418768238,39.10351393168527,1,70,100
11220,天津市红桥区望河楼公寓小区,"(117.18316118185277, 39.17182964516748)",117.18316118185277,39.17182964516748,1,70,100
11221,天津市河北区望海大厦,"(117.20093586314816, 39.154414150978496)",117.20093586314816,39.154414150978496,1,75,100
11222,天津市河北区望海楼北里,"(117.20216645186626, 39.15463629369752)",117.20216645186626,39.15463629369752,1,70,100
11223,天津市宝坻区望都楼小区,"(117.30809921896098, 39.73011970629389)",117.30809921896098,39.73011970629389,1,70,100
11224,天津市河东区朝华园,"(117.25164134647271, 39.15152287382725)",117.25164134647271,39.15152287382725,1,70,100
11225,天津市南开区朝园里,"(117.17673650084541, 39.13983980631804)",117.17673650084541,39.13983980631804,1,70,100
11226,天津市滨海新区朝晖北里,"(117.4793009779691, 38.857320821522165)",117.4793009779691,38.857320821522165,1,70,100
11227,天津市滨海新区朝晖里(大港区),"(117.48018796482965, 38.85508810313319)",117.48018796482965,38.85508810313319,1,70,57
11228,天津市河北区朝晖里(河北区),"(117.2104793710556, 39.13971828761096)",117.2104793710556,39.13971828761096,1,70,100
11229,天津市塘沽区朝阳公寓,"(117.70185059857198, 39.012056901900735)",117.70185059857198,39.012056901900735,1,70,100
11230,天津市塘沽区朝阳新村,"(117.70167965103343, 39.013424210740766)",117.70167965103343,39.013424210740766,1,70,100
11231,天津市宁河区朝阳花园,"(117.83779296800796, 39.32948008956718)",117.83779296800796,39.32948008956718,1,70,100
11232,天津市滨海新区朝阳花园二期,"(117.82848751106064, 39.239112088694775)",117.82848751106064,39.239112088694775,1,70,100
11233,天津市和平区朝阳里,"(117.1942778023693, 39.10724842975815)",117.1942778023693,39.10724842975815,1,70,100
11234,天津市北辰区朝阳里（北辰区）,"(117.14491860951254, 39.23076060226059)",117.14491860951254,39.23076060226059,1,70,100
11235,天津市河东区木材楼,"(117.23366688203191, 39.138171966334795)",117.23366688203191,39.138171966334795,0,50,100
11236,天津市武清区木秀园,"(117.10084289034326, 39.5454309624177)",117.10084289034326,39.5454309624177,1,70,100
11237,天津市武清区木秀园西区,"(117.09631219667314, 39.54640758827941)",117.09631219667314,39.54640758827941,1,70,100
11238,天津市红桥区本溪楼,"(117.1466407510057, 39.18930937331654)",117.1466407510057,39.18930937331654,1,70,100
11239,天津市红桥区本溪花园,"(117.14168003848798, 39.184151133767344)",117.14168003848798,39.184151133767344,1,70,100
11240,天津市南开区机施楼,"(117.13988297831526, 39.14448002567213)",117.13988297831526,39.14448002567213,1,70,100
11241,天津市河西区李七庄北里,"(117.19399402765869, 39.07794054365914)",117.19399402765869,39.07794054365914,1,70,100
11242,天津市滨海新区李园小区,"(117.47637645455082, 38.71124745512577)",117.47637645455082,38.71124745512577,1,70,100
11243,天津市津南区李桃园,"(117.32603712236752, 39.05640021181914)",117.32603712236752,39.05640021181914,1,70,100
11244,天津市南开区杏园里,"(117.18052914670854, 39.08936162538675)",117.18052914670854,39.08936162538675,1,70,100
11245,天津市武清区杏林公寓,"(117.06058523908305, 39.388606997489696)",117.06058523908305,39.388606997489696,1,70,100
11246,天津市河东区来安里,"(117.25504511588056, 39.13213732694809)",117.25504511588056,39.13213732694809,1,70,100
11247,天津市南开区来福北里,"(117.17843348978431, 39.1034355369352)",117.17843348978431,39.1034355369352,1,70,100
11248,天津市南开区来福西里,"(117.17776047929624, 39.10188246282199)",117.17776047929624,39.10188246282199,1,70,100
11249,天津市南开区来福里,"(117.17847993217917, 39.1028935608258)",117.17847993217917,39.1028935608258,1,70,100
11250,天津市和平区杨福荫路,"(117.20855205658395, 39.13416877796514)",117.20855205658395,39.13416877796514,0,30,100
11251,天津市河西区杭州道,"(117.22919143415066, 39.116388166753)",117.22919143415066,39.116388166753,0,30,100
11252,天津市塘沽区杭州道(塘沽),"(117.66786078417708, 39.035202170878776)",117.66786078417708,39.035202170878776,0,50,100
11253,天津市塘沽区杭州里,"(117.66213246960105, 39.04261135601843)",117.66213246960105,39.04261135601843,1,70,100
11254,天津市开发区東壹区,"(0, 0)",0.0,0.0,0,0,0
11255,天津市和平区松乐里,"(117.1995080963706, 39.111396494983644)",117.1995080963706,39.111396494983644,1,70,100
11256,天津市和平区松寿里,"(117.20991999621455, 39.12509910094218)",117.20991999621455,39.12509910094218,1,70,100
11257,天津市和平区松月村,"(117.19432020238936, 39.12347058496058)",117.19432020238936,39.12347058496058,0,50,100
11258,天津市和平区松月西里,"(117.20251607237074, 39.12890325537847)",117.20251607237074,39.12890325537847,1,70,100
11259,天津市红桥区松楠楼,"(117.17439506753365, 39.177065290479504)",117.17439506753365,39.177065290479504,1,70,100
11260,天津市东丽区松江东湖小镇,"(117.51569546638366, 39.19002230481577)",117.51569546638366,39.19002230481577,1,70,100
11261,天津市西青区松江城武台馨苑,"(117.17480271857409, 39.06094805811154)",117.17480271857409,39.06094805811154,1,70,100
11262,天津市武清区松江水岸唐宁（熙雅花园）,"(117.08799640290619, 39.41105405362492)",117.08799640290619,39.41105405362492,1,70,100
11263,天津市东丽区松江津滨置地广场,"(117.31167977489321, 39.12114519735407)",117.31167977489321,39.12114519735407,0,50,100
11264,天津市南开区松江置嘉公寓,"(0, 0)",0.0,0.0,0,0,0
11265,天津市武清区松江运河城,"(117.08084382494408, 39.401599261012315)",117.08084382494408,39.401599261012315,0,50,100
11266,天津市河西区松江里,"(117.26461880685316, 39.06400892604975)",117.26461880685316,39.06400892604975,1,70,100
11267,天津市河东区松风东里,"(117.28478423843279, 39.15230019261818)",117.28478423843279,39.15230019261818,0,50,100
11268,天津市河东区松风西里,"(117.28173799461791, 39.15144705103245)",117.28173799461791,39.15144705103245,0,50,100
11269,天津市武清区松鹤园,"(117.04509396056348, 39.38059403921961)",117.04509396056348,39.38059403921961,1,70,100
11270,天津市和平区极星里,"(117.20531537200095, 39.13309397387287)",117.20531537200095,39.13309397387287,1,70,100
11271,天津市武清区林业公寓,"(117.06806677652291, 39.3804644350242)",117.06806677652291,39.3804644350242,1,70,100
11272,天津市和平区林东大楼,"(117.21280032300174, 39.11677992703974)",117.21280032300174,39.11677992703974,1,75,100
11273,天津市河东区林兴里,"(117.24431368876672, 39.12846860131457)",117.24431368876672,39.12846860131457,1,70,100
11274,天津市河北区林古里,"(117.22076254371999, 39.157481070868755)",117.22076254371999,39.157481070868755,1,70,100
11275,天津市津南区林城佳苑,"(117.28831871129236, 39.049565139686216)",117.28831871129236,39.049565139686216,1,70,100
11276,天津市河北区林容里,"(117.22011711121107, 39.158511227477575)",117.22011711121107,39.158511227477575,1,70,100
11277,天津市河北区林庭公寓,"(117.22097050144555, 39.156111468482734)",117.22097050144555,39.156111468482734,1,70,100
11278,天津市河北区林新公寓,"(117.22007309424107, 39.15682991508373)",117.22007309424107,39.15682991508373,1,70,100
11279,天津市津南区林景家园,"(117.29958588781236, 39.075951642704325)",117.29958588781236,39.075951642704325,1,70,100
11280,天津市武清区林景花园,"(117.09717546826823, 39.55005718922781)",117.09717546826823,39.55005718922781,1,75,100
11281,天津市河东区林枫花园,"(117.24612889471075, 39.126579867856)",117.24612889471075,39.126579867856,1,70,100
11282,天津市河东区林枫馨苑,"(117.24757804115943, 39.12640108871353)",117.24757804115943,39.12640108871353,1,70,100
11283,天津市和平区林泉里,"(117.19817159743285, 39.12806753048445)",117.19817159743285,39.12806753048445,1,70,100
11284,天津市河东区林盛里,"(117.24535814858318, 39.12511652438148)",117.24535814858318,39.12511652438148,1,70,100
11285,天津市津南区林绣花园,"(117.35871900393988, 39.03999709007716)",117.35871900393988,39.03999709007716,1,70,100
11286,天津市南开区林苑东里,"(117.1519053602775, 39.09369892567418)",117.1519053602775,39.09369892567418,1,70,100
11287,天津市南开区林苑北里,"(117.14716194786261, 39.095751165007606)",117.14716194786261,39.095751165007606,1,70,100
11288,天津市南开区林苑西里,"(117.14908683690939, 39.093254601908534)",117.14908683690939,39.093254601908534,0,50,100
11289,天津市和平区林西路,"(117.19880014179819, 39.12935001144582)",117.19880014179819,39.12935001144582,0,30,100
11290,天津市武清区林语花园,"(117.09425238213878, 39.5494992876865)",117.09425238213878,39.5494992876865,1,70,100
11291,天津市津南区林锦花园东区,"(117.35961039249744, 39.04002903688907)",117.35961039249744,39.04002903688907,1,70,100
11292,天津市津南区林锦花园西区,"(117.35681881829464, 39.04051937658962)",117.35681881829464,39.04051937658962,1,70,100
11293,天津市北辰区果园里,"(117.1489524504051, 39.2245323847653)",117.1489524504051,39.2245323847653,0,50,100
11294,天津市滨海新区枫丹园,"(117.79572900402829, 39.11061809098893)",117.79572900402829,39.11061809098893,1,70,100
11295,天津市武清区枫丹天城,"(117.03059566895465, 39.39517606409074)",117.03059566895465,39.39517606409074,1,70,100
11296,天津市滨海新区枫书园,"(117.789699038462, 39.106728110752556)",117.789699038462,39.106728110752556,1,70,100
11297,天津市滨海新区枫墨园,"(117.78665324379988, 39.107736898972796)",117.78665324379988,39.107736898972796,1,70,100
11298,天津市开发区枫景园,"(117.71993842916814, 39.0457608018437)",117.71993842916814,39.0457608018437,1,70,100
11299,天津市塘沽区枫景家园,"(117.6730210103486, 39.054916137451)",117.6730210103486,39.054916137451,1,70,100
11300,天津市滨海新区枫景湾家园,"(117.81569303551258, 39.2450180958352)",117.81569303551258,39.2450180958352,1,70,100
11301,天津市河东区柏丽花园,"(117.24744248685798, 39.15010363092069)",117.24744248685798,39.15010363092069,1,70,100
11302,天津市西青区柳兰花苑,"(117.04646549341612, 39.1469751791061)",117.04646549341612,39.1469751791061,1,70,100
11303,天津市河北区柳园里,"(117.22310002448748, 39.16117722651688)",117.22310002448748,39.16117722651688,1,70,100
11304,天津市和平区柳安新村,"(117.20373210853961, 39.11894093752805)",117.20373210853961,39.11894093752805,1,70,100
11305,天津市和平区柳州路,"(117.20307706416175, 39.120589712796374)",117.20307706416175,39.120589712796374,0,30,100
11306,天津市北辰区柳成里,"(117.17615871074139, 39.19508972476787)",117.17615871074139,39.19508972476787,1,70,100
11307,天津市津南区柳景家园,"(117.31028578440281, 39.066622786220165)",117.31028578440281,39.066622786220165,1,70,100
11308,天津市河西区柳林东里,"(117.29163471625189, 39.074498723375555)",117.29163471625189,39.074498723375555,1,70,100
11309,天津市河西区柳江南里,"(117.21487055788003, 39.08144479023352)",117.21487055788003,39.08144479023352,1,70,100
11310,天津市塘沽区柳江里(塘沽区),"(117.64790384930632, 39.04669866582272)",117.64790384930632,39.04669866582272,1,70,100
11311,天津市河西区柳江里(河西区),"(117.21590100413053, 39.082756413154)",117.21590100413053,39.082756413154,1,70,100
11312,天津市西青区柳溪苑,"(117.0085037313783, 39.14528113710758)",117.0085037313783,39.14528113710758,1,70,100
11313,天津市北辰区柳滩东里,"(117.17330623142502, 39.19515788065962)",117.17330623142502,39.19515788065962,1,70,100
11314,天津市河西区柳苑公寓,"(117.27470004043889, 39.08091811766636)",117.27470004043889,39.08091811766636,1,70,100
11315,天津市西青区柳苑里,"(117.01829804618414, 39.150786116190126)",117.01829804618414,39.150786116190126,1,70,100
11316,天津市西青区柳馨园,"(117.02691513161916, 39.12236776566305)",117.02691513161916,39.12236776566305,1,70,100
11317,天津市北辰区柴楼兴园,"(117.11247909076677, 39.27397810889711)",117.11247909076677,39.27397810889711,1,70,100
11318,天津市北辰区柴楼庄园,"(117.1115503327, 39.27641116468281)",117.1115503327,39.27641116468281,0,50,100
11319,天津市北辰区柴楼竹园,"(117.1131076351321, 39.27595173520024)",117.1131076351321,39.27595173520024,1,70,100
11320,天津市北辰区柴楼金园,"(117.12481372372427, 39.252537269258696)",117.12481372372427,39.252537269258696,1,70,100
11321,天津市北辰区柴楼隆园,"(117.10883457548223, 39.27333760742682)",117.10883457548223,39.27333760742682,1,70,100
11322,天津市北辰区栊翠里,"(117.1304752942009, 39.199057894415546)",117.1304752942009,39.199057894415546,1,70,100
11323,天津市和平区树德北里,"(117.21165731907085, 39.12591953729562)",117.21165731907085,39.12591953729562,1,70,100
11324,天津市和平区树德南里,"(117.212032810774, 39.12514717283047)",117.212032810774,39.12514717283047,1,70,100
11325,天津市和平区树德楼,"(117.19369525124607, 39.11944150144233)",117.19369525124607,39.11944150144233,1,70,100
11326,天津市和平区树德里,"(117.19404648870048, 39.12038166736778)",117.19404648870048,39.12038166736778,1,70,100
11327,天津市武清区栖仙温泉公寓东区,"(117.05898607561419, 39.39075072588199)",117.05898607561419,39.39075072588199,1,70,100
11328,天津市武清区栖仙温泉公寓中区,"(117.05664877450778, 39.39095189959979)",117.05664877450778,39.39095189959979,1,70,57
11329,天津市武清区栖仙温泉公寓西区,"(117.04729804296278, 39.393830655148726)",117.04729804296278,39.393830655148726,1,70,100
11330,天津市红桥区栖霞里,"(117.18063469760595, 39.182284601834695)",117.18063469760595,39.182284601834695,1,70,100
11331,天津市津南区校园里,"(117.41022595544044, 38.994937108990754)",117.41022595544044,38.994937108990754,1,70,100
11332,天津市宝坻区核工业二四七大队,"(117.34640000149825, 39.7093477611212)",117.34640000149825,39.7093477611212,1,70,100
11333,天津市武清区格兰庭苑,"(117.00595209457722, 39.29846432605977)",117.00595209457722,39.29846432605977,1,70,100
11334,天津市和平区格普澜轩,"(117.19914994196377, 39.11923324265672)",117.19914994196377,39.11923324265672,1,70,100
11335,天津市西青区格调平园,"(117.21333697071341, 39.043702262680526)",117.21333697071341,39.043702262680526,1,70,100
11336,天津市南开区格调故里,"(117.17422528779227, 39.13975816423937)",117.17422528779227,39.13975816423937,1,70,100
11337,天津市南开区格调春天花园,"(117.16743481678124, 39.14117656809693)",117.16743481678124,39.14117656809693,1,70,100
11338,天津市西青区格调松间,"(117.11717085061483, 39.083953537302705)",117.11717085061483,39.083953537302705,1,70,100
11339,天津市西青区格调松间南里,"(117.11919581089542, 39.082388197788575)",117.11919581089542,39.082388197788575,1,70,100
11340,天津市开发区格调林泉,"(117.68769896305943, 39.03662795078567)",117.68769896305943,39.03662795078567,1,70,100
11341,天津市河东区格调竹境,"(117.28102402139858, 39.10930608060741)",117.28102402139858,39.10930608060741,1,70,100
11342,天津市河西区格调绮园,"(117.24473301777878, 39.08407550306541)",117.24473301777878,39.08407550306541,1,70,100
11343,天津市河西区格调绮园双迎里,"(117.24473301777878, 39.08407550306541)",117.24473301777878,39.08407550306541,1,70,100
11344,天津市河北区格调艺术领地,"(117.19478705176292, 39.19061275030994)",117.19478705176292,39.19061275030994,1,70,100
11345,天津市和平区桂林路,"(117.2081151207839, 39.11638970636543)",117.2081151207839,39.11638970636543,0,30,100
11346,天津市和平区桂林里,"(117.20856894472753, 39.1147999684894)",117.20856894472753,39.1147999684894,0,30,100
11347,天津市塘沽区桂江里(塘沽区),"(117.6478360272403, 39.04856714094343)",117.6478360272403,39.04856714094343,0,50,100
11348,天津市河西区桂江里(河西区),"(117.27083445216834, 39.05818262846248)",117.27083445216834,39.05818262846248,1,70,100
11349,天津市南开区桂荷园,"(117.15059733762442, 39.12290826125506)",117.15059733762442,39.12290826125506,1,70,100
11350,天津市北辰区桃园别墅,"(117.04845856385111, 39.20028280306136)",117.04845856385111,39.20028280306136,1,70,100
11351,天津市河西区桃园村大街,"(117.21358283693148, 39.11265156743472)",117.21358283693148,39.11265156743472,0,30,100
11352,天津市红桥区桃园里,"(117.15705157288306, 39.15543379142451)",117.15705157288306,39.15543379142451,1,70,100
11353,天津市河西区桃江里,"(117.22230008343087, 39.086317688806915)",117.22230008343087,39.086317688806915,1,70,100
11354,天津市河北区桃江里（河北区）,"(117.20449063771224, 39.15426558914341)",117.20449063771224,39.15426558914341,1,70,100
11355,天津市塘沽区桃源观邸,"(117.64419986619703, 39.06889256269564)",117.64419986619703,39.06889256269564,1,70,100
11356,天津市红桥区桃花园东里,"(117.17736100283594, 39.183569163183144)",117.17736100283594,39.183569163183144,1,70,100
11357,天津市红桥区桃花园南里,"(117.17611720902684, 39.185811862614266)",117.17611720902684,39.185811862614266,1,70,100
11358,天津市红桥区桃花园西里,"(117.17350358914554, 39.18891941809383)",117.17350358914554,39.18891941809383,1,70,100
11359,天津市河西区桃花源居,"(117.2210208065541, 39.108324821284874)",117.2210208065541,39.108324821284874,1,70,100
11360,天津市开发区桐景园,"(117.71245554427001, 39.04705838250458)",117.71245554427001,39.04705838250458,1,70,100
11361,天津市红桥区桓仁楼,"(117.14591527947586, 39.193014468284964)",117.14591527947586,39.193014468284964,1,70,100
11362,天津市武清区桔子公寓,"(117.07006658424922, 39.3968307097541)",117.07006658424922,39.3968307097541,1,75,100
11363,天津市河北区桥园里,"(117.24584503016958, 39.178472657995606)",117.24584503016958,39.178472657995606,1,70,100
11364,天津市滨海新区桥园里小区,"(117.80135122872358, 39.242983375977985)",117.80135122872358,39.242983375977985,1,70,100
11365,天津市河西区桥西街,"(117.23712311248156, 39.101980248431964)",117.23712311248156,39.101980248431964,0,30,100
11366,天津市南开区桦林园,"(117.16801305603802, 39.14592827341791)",117.16801305603802,39.14592827341791,1,70,100
11367,天津市红桥区梁平楼,"(117.16706210982514, 39.18031901565695)",117.16706210982514,39.18031901565695,1,70,100
11368,天津市塘沽区梁锦西苑,"(117.62062302961269, 38.99112510922938)",117.62062302961269,38.99112510922938,1,70,100
11369,天津市河北区梅宏园,"(117.24993995583682, 39.18348176929532)",117.24993995583682,39.18348176929532,1,70,100
11370,天津市武清区梅尚国际住区,"(117.19965362186322, 39.39460471110024)",117.19965362186322,39.39460471110024,1,70,100
11371,天津市西青区梅江康城,"(117.23005749049283, 39.03202030006201)",117.23005749049283,39.03202030006201,1,70,100
11372,天津市蓟州区梅花楼,"(117.41158086964114, 40.050065625167704)",117.41158086964114,40.050065625167704,1,70,100
11373,天津市红桥区梦和园,"(117.11473581386893, 39.16438127023958)",117.11473581386893,39.16438127023958,1,70,100
11374,天津市静海区梧桐公社,"(117.09838647392623, 38.981828079590976)",117.09838647392623,38.981828079590976,1,70,100
11375,天津市静海区梧桐公社北里,"(117.09985161021301, 38.98307720158939)",117.09985161021301,38.98307720158939,1,70,100
11376,天津市静海区梧桐公社南里,"(117.09740112261234, 38.981477073362136)",117.09740112261234,38.981477073362136,1,70,100
11377,天津市南开区梧桐公馆顺宁里,"(117.15965638937034, 39.0887702531616)",117.15965638937034,39.0887702531616,1,70,100
11378,天津市武清区梧桐大道,"(0, 0)",0.0,0.0,0,0,0
11379,天津市滨海新区梧桐苑,"(117.83449609695579, 39.233824374183584)",117.83449609695579,39.233824374183584,1,70,100
11380,天津市西青区梨秀园,"(117.19764195650416, 39.04662427043817)",117.19764195650416,39.04662427043817,1,70,100
11381,天津市河东区棉3水岸名居,"(0, 0)",0.0,0.0,0,0,0
11382,天津市河东区棉三四工房,"(117.25542994996104, 39.09527290257867)",117.25542994996104,39.09527290257867,1,70,100
11383,天津市河东区棉三宿舍,"(117.25387085091793, 39.09882381110571)",117.25387085091793,39.09882381110571,0,50,100
11384,天津市河西区棉二大院,"(117.23822299774797, 39.08115274721373)",117.23822299774797,39.08115274721373,1,70,100
11385,天津市河西区棉四二宿舍,"(117.2482774618295, 39.09160525188707)",117.2482774618295,39.09160525188707,0,50,100
11386,天津市蓟州区棉纺厂家属院,"(117.41808639814441, 40.049711043528404)",117.41808639814441,40.049711043528404,0,50,100
11387,天津市蓟州区棉纺小区,"(117.43640132037349, 40.0501163682993)",117.43640132037349,40.0501163682993,1,70,100
11388,天津市蓟州区棉纺新区,"(117.43783851935892, 40.047451991731904)",117.43783851935892,40.047451991731904,1,70,100
11389,天津市武清区棉织公寓,"(117.09556750140537, 39.384038605334396)",117.09556750140537,39.384038605334396,1,70,100
11390,天津市蓟州区棠清园,"(0, 0)",0.0,0.0,0,0,0
11391,天津市开发区森泰小区,"(117.69824228499951, 39.042722535120404)",117.69824228499951,39.042722535120404,1,70,100
11392,天津市河西区森淼公寓,"(117.19772334298337, 39.10542813621723)",117.19772334298337,39.10542813621723,1,70,100
11393,天津市静海区森淼常春藤,"(117.15272299795267, 38.879630074484474)",117.15272299795267,38.879630074484474,1,70,100
11394,天津市和平区森淼清华园,"(117.19910727245204, 39.11627913411393)",117.19910727245204,39.11627913411393,1,70,100
11395,天津市东丽区森淼里,"(117.51348698228736, 39.04975707436245)",117.51348698228736,39.04975707436245,1,70,100
11396,天津市河北区森百花园,"(117.23460426383157, 39.15742686640313)",117.23460426383157,39.15742686640313,1,70,100
11397,天津市南开区植园里,"(117.16190421924796, 39.10285303319124)",117.16190421924796,39.10285303319124,1,70,100
11398,天津市红桥区植物园东里,"(117.15910617724548, 39.175365475968206)",117.15910617724548,39.175365475968206,1,70,100
11399,天津市武清区楼前居民小区,"(0, 0)",0.0,0.0,0,0,0
11400,天津市河北区榆关道天电大楼,"(117.20090145804713, 39.189051757032644)",117.20090145804713,39.189051757032644,1,70,100
11401,天津市西青区榕园嘉苑,"(117.15414375794725, 39.05531461604789)",117.15414375794725,39.05531461604789,1,70,100
11402,天津市开发区榕景园,"(117.71472798771862, 39.047697111488894)",117.71472798771862,39.047697111488894,1,70,100
11403,天津市河西区榕江里,"(117.27950094440642, 39.07253297334164)",117.27950094440642,39.07253297334164,1,70,100
11404,天津市东丽区榕洋金城,"(117.31606584137621, 39.09656865577298)",117.31606584137621,39.09656865577298,1,75,100
11405,天津市南开区横江里,"(117.14412845998595, 39.11159252936528)",117.14412845998595,39.11159252936528,1,70,100
11406,天津市北辰区橙圃园,"(117.13497050480339, 39.242852466737524)",117.13497050480339,39.242852466737524,1,70,100
11407,天津市武清区檀郡,"(117.06666883348828, 39.37026844696892)",117.06666883348828,39.37026844696892,1,70,100
11408,天津市津南区檀香园,"(117.4473036950259, 38.94343951263546)",117.4473036950259,38.94343951263546,1,70,100
11409,天津市红桥区欢庆楼,"(117.17785839459683, 39.15149930162034)",117.17785839459683,39.15149930162034,1,70,100
11410,天津市北辰区欢颜东里,"(117.15165158897092, 39.217410814600804)",117.15165158897092,39.217410814600804,1,70,100
11411,天津市河东区欢颜里,"(117.24611919301124, 39.155134363641004)",117.24611919301124,39.155134363641004,1,70,100
11412,天津市北辰区欢颜里(北辰区),"(117.14651570687872, 39.21648900664676)",117.14651570687872,39.21648900664676,1,70,100
11413,天津市塘沽区欣中苑,"(117.64201626516336, 39.13369231757471)",117.64201626516336,39.13369231757471,1,70,100
11414,天津市武清区欣丰园小区,"(116.91116271750325, 39.30748200349558)",116.91116271750325,39.30748200349558,1,70,100
11415,天津市塘沽区欣丰苑,"(117.64728374901279, 39.13585329475753)",117.64728374901279,39.13585329475753,1,70,100
11416,天津市塘沽区欣华苑,"(0, 0)",0.0,0.0,0,0,0
11417,天津市塘沽区欣嘉园公寓,"(117.64230776530134, 39.13199095664399)",117.64230776530134,39.13199095664399,0,50,100
11418,天津市东丽区欣圆小区,"(117.29541029431033, 39.093036954338956)",117.29541029431033,39.093036954338956,1,70,100
11419,天津市南开区欣居园,"(117.17417103013946, 39.07815809815347)",117.17417103013946,39.07815809815347,1,70,100
11420,天津市津南区欣悦佳园,"(117.29767285639831, 39.01065220944003)",117.29767285639831,39.01065220944003,1,70,100
11421,天津市武清区欣悦花园,"(117.03348542794969, 39.37737965808274)",117.03348542794969,39.37737965808274,1,70,100
11422,天津市塘沽区欣昌苑,"(117.64712663537908, 39.13806457678301)",117.64712663537908,39.13806457678301,1,70,100
11423,天津市津南区欣桃园,"(117.3309053992483, 39.0543821207441)",117.3309053992483,39.0543821207441,1,70,100
11424,天津市滨海新区欣欣小区北区,"(117.50941289730797, 38.809968771646446)",117.50941289730797,38.809968771646446,0,50,57
11425,天津市滨海新区欣欣小区南区,"(117.51000982131934, 38.80256569949343)",117.51000982131934,38.80256569949343,1,70,100
11426,天津市河西区欣水园,"(117.21967316862803, 39.068636532846206)",117.21967316862803,39.068636532846206,1,70,100
11427,天津市东丽区欣湖苑,"(117.3954926671102, 39.173104120049224)",117.3954926671102,39.173104120049224,1,70,100
11428,天津市塘沽区欣然苑,"(117.64222799577207, 39.135659077507626)",117.64222799577207,39.135659077507626,1,70,100
11429,天津市南开区欣苑公寓,"(117.157766624069, 39.10093140838633)",117.157766624069,39.10093140838633,1,70,100
11430,天津市南开区欣苑大厦,"(117.16045749822415, 39.10062810700781)",117.16045749822415,39.10062810700781,1,75,100
11431,天津市河东区欣荣嘉园,"(117.2340663584922, 39.1422674777069)",117.2340663584922,39.1422674777069,1,70,100
11432,天津市河东区欣荣馨苑,"(117.23482560630923, 39.14082237209155)",117.23482560630923,39.14082237209155,1,70,100
11433,天津市塘沽区欣裕苑,"(117.6510718135178, 39.1358835886819)",117.6510718135178,39.1358835886819,0,50,100
11434,天津市南开区欣迁里,"(0, 0)",0.0,0.0,0,0,0
11435,天津市塘沽区欣雅苑,"(117.64726434561376, 39.131586827481456)",117.64726434561376,39.131586827481456,1,70,100
11436,天津市河西区欧亚花园,"(117.2052166482254, 39.08916125808727)",117.2052166482254,39.08916125808727,1,70,100
11437,天津市红桥区欧澜家园,"(117.15537749073465, 39.193158613471354)",117.15537749073465,39.193158613471354,1,70,100
11438,天津市北辰区欧铂城,"(117.26081196776298, 39.240876713216316)",117.26081196776298,39.240876713216316,1,70,100
11439,天津市塘沽区欧风家园,"(117.67527926057014, 39.059007912347774)",117.67527926057014,39.059007912347774,1,70,100
11440,天津市红桥区正东公寓,"(117.16203995321051, 39.18783294296077)",117.16203995321051,39.18783294296077,1,70,100
11441,天津市河北区正义道,"(117.24217518266967, 39.15839072043236)",117.24217518266967,39.15839072043236,0,30,100
11442,天津市塘沽区正义里,"(117.19895563848195, 39.127771273964946)",117.19895563848195,39.127771273964946,1,70,100
11443,天津市河北区正兴里（河北）,"(117.22778423856927, 39.155958084211235)",117.22778423856927,39.155958084211235,1,80,100
11444,天津市和平区正和公寓,"(117.1996333201587, 39.11843022287987)",117.1996333201587,39.11843022287987,1,70,100
11445,天津市塘沽区正康里,"(117.65953133616637, 39.02376790864234)",117.65953133616637,39.02376790864234,1,70,100
11446,天津市塘沽区正德里,"(117.65761039966382, 39.02191446953012)",117.65761039966382,39.02191446953012,1,70,100
11447,天津市红桥区正源公寓,"(117.14867110111938, 39.16553126044103)",117.14867110111938,39.16553126044103,1,70,100
11448,天津市北辰区正荣府,"(117.18167700148919, 39.24184912375652)",117.18167700148919,39.24184912375652,1,70,100
11449,天津市西青区正荣润璟湾,"(117.08422980790284, 39.14132907540296)",117.08422980790284,39.14132907540296,1,70,100
11450,天津市宁河区正阳楼,"(117.82402823267856, 39.3234225910094)",117.82402823267856,39.3234225910094,1,70,100
11451,天津市南开区正阳里(南开区),"(117.1359789425689, 39.14050651140875)",117.1359789425689,39.14050651140875,1,70,100
11452,天津市滨海新区正阳里(汉沽区),"(117.82563395377765, 39.23960256938342)",117.82563395377765,39.23960256938342,1,70,57
11453,天津市河北区步云里,"(117.20345713722301, 39.14509527055976)",117.20345713722301,39.14509527055976,1,70,100
11454,天津市蓟州区武定苑,"(117.4064628638286, 40.05100799139885)",117.4064628638286,40.05100799139885,1,70,100
11455,天津市和平区武昌路,"(117.20320381506919, 39.118192149360944)",117.20320381506919,39.118192149360944,0,30,100
11456,天津市武清区武清二院集贤楼,"(117.09453391108559, 39.38514843732613)",117.09453391108559,39.38514843732613,1,70,100
11457,天津市武清区武清区杨村镇中医院西,"(0, 0)",0.0,0.0,0,0,0
11458,天津市武清区武清团结东里,"(117.08108376234578, 39.378120362891)",117.08108376234578,39.378120362891,1,70,100
11459,天津市塘沽区毓园,"(117.65925600552757, 39.032951901882164)",117.65925600552757,39.032951901882164,1,70,100
11460,天津市河东区毛条厂路,"(117.29058863948552, 39.10437381833054)",117.29058863948552,39.10437381833054,0,30,100
11461,天津市河西区毛织二宿舍,"(117.25402131709086, 39.08915089665997)",117.25402131709086,39.08915089665997,0,50,100
11462,天津市红桥区民丰楼,"(117.17249766663546, 39.15817950038505)",117.17249766663546,39.15817950038505,1,70,100
11463,天津市塘沽区民主街,"(116.86413896176896, 38.94127969891903)",116.86413896176896,38.94127969891903,0,30,100
11464,天津市和平区民主里,"(117.19594936926227, 39.1285657200039)",117.19594936926227,39.1285657200039,1,70,100
11465,天津市西青区民兴佳园,"(117.12394200805738, 39.04651008527809)",117.12394200805738,39.04651008527809,1,70,100
11466,天津市津南区民兴园,"(117.29448360234623, 39.009128827152786)",117.29448360234623,39.009128827152786,1,70,100
11467,天津市东丽区民和巷景苑,"(117.33276884419818, 39.09694239665559)",117.33276884419818,39.09694239665559,1,70,100
11468,天津市塘沽区民和里（塘沽),"(117.67291806453716, 39.025205483261736)",117.67291806453716,39.025205483261736,1,70,100
11469,天津市和平区民园东里,"(117.21484980702274, 39.118960671836646)",117.21484980702274,39.118960671836646,1,70,100
11470,天津市和平区民园大楼,"(117.20993508774711, 39.11902981185262)",117.20993508774711,39.11902981185262,1,70,100
11471,天津市塘沽区民安里,"(117.67109019248545, 39.02653939160297)",117.67109019248545,39.02653939160297,1,70,100
11472,天津市北辰区民宜里,"(117.21479707648932, 39.1999796534573)",117.21479707648932,39.1999796534573,1,70,100
11473,天津市红桥区民康园,"(117.12954285308155, 39.16667850433962)",117.12954285308155,39.16667850433962,1,70,100
11474,天津市南开区民建北里,"(117.16320173172656, 39.132030767717865)",117.16320173172656,39.132030767717865,1,70,100
11475,天津市南开区民建西里,"(117.16141599020328, 39.131021140680765)",117.16141599020328,39.131021140680765,1,70,100
11476,天津市南开区民建里,"(117.16327602159225, 39.1316252394432)",117.16327602159225,39.1316252394432,0,50,100
11477,天津市和平区民志里,"(0, 0)",0.0,0.0,0,0,0
11478,天津市东丽区民惠里,"(117.51405165713095, 39.051203152148084)",117.51405165713095,39.051203152148084,1,70,100
11479,天津市河东区民族园,"(117.26076705248748, 39.11286586462166)",117.26076705248748,39.11286586462166,1,80,100
11480,天津市红桥区民族楼,"(117.17795056074215, 39.14985741137277)",117.17795056074215,39.14985741137277,1,70,100
11481,天津市津南区民权里,"(117.38457699753624, 38.990195756118915)",117.38457699753624,38.990195756118915,1,70,100
11482,天津市河北区民权门南里,"(117.23941774407623, 39.16970936132887)",117.23941774407623,39.16970936132887,1,70,100
11483,天津市塘沽区民泰里,"(117.67374531408129, 39.02638025730664)",117.67374531408129,39.02638025730664,1,70,100
11484,天津市河北区民生大厦,"(117.2073723119577, 39.13886429266674)",117.2073723119577,39.13886429266674,1,75,100
11485,天津市河北区民生路,"(117.20751047134513, 39.14122917615939)",117.20751047134513,39.14122917615939,0,30,100
11486,天津市红桥区民畅园,"(117.13699555491453, 39.172644078279454)",117.13699555491453,39.172644078279454,1,70,100
11487,天津市津南区民盛园,"(117.29530671968503, 39.01412765408813)",117.29530671968503,39.01412765408813,1,70,100
11488,天津市西青区民盛里,"(117.03590752909625, 39.075640180345786)",117.03590752909625,39.075640180345786,1,70,100
11489,天津市北辰区民贤里,"(117.22557045447049, 39.21122599099262)",117.22557045447049,39.21122599099262,1,70,100
11490,天津市和平区气象东里,"(117.19302322889406, 39.11477022529406)",117.19302322889406,39.11477022529406,1,70,100
11491,天津市河西区气象北里,"(117.19047401751784, 39.095443430951015)",117.19047401751784,39.095443430951015,1,70,100
11492,天津市河西区气象南里,"(117.19156707566239, 39.09479827708732)",117.19156707566239,39.09479827708732,0,50,100
11493,天津市和平区气象台路,"(117.19264890498805, 39.1119706691061)",117.19264890498805,39.1119706691061,0,30,100
11494,天津市蓟州区气象局家属楼,"(117.46281518541944, 40.05585230595184)",117.46281518541944,40.05585230595184,1,70,57
11495,天津市和平区气象西里,"(117.19230099126405, 39.11604700179911)",117.19230099126405,39.11604700179911,1,70,100
11496,天津市河西区气象里,"(117.19169211978938, 39.10190969161331)",117.19169211978938,39.10190969161331,1,70,100
11497,天津市南开区水上公寓,"(117.16360731666433, 39.09134195433877)",117.16360731666433,39.09134195433877,1,70,100
11498,天津市南开区水上温泉花园,"(117.15741179339255, 39.08816508384353)",117.15741179339255,39.08816508384353,0,50,100
11499,天津市河东区水东里,"(117.30773801031542, 39.094383082147)",117.30773801031542,39.094383082147,1,70,100
11500,天津市南开区水乡花园,"(117.16876242249444, 39.08407725343359)",117.16876242249444,39.08407725343359,1,70,100
11501,天津市南开区水云花园,"(117.16337384706227, 39.08991301755008)",117.16337384706227,39.08991301755008,1,70,100
11502,天津市河东区水利家园,"(117.24068022263997, 39.14249371654263)",117.24068022263997,39.14249371654263,1,70,100
11503,天津市蓟州区水利新村,"(117.43487905185629, 40.04958601439562)",117.43487905185629,40.04958601439562,1,70,100
11504,天津市津南区水墨兰庭,"(117.45634585862824, 38.92879939574556)",117.45634585862824,38.92879939574556,1,70,100
11505,天津市西青区水岸公馆天浦园,"(0, 0)",0.0,0.0,0,0,0
11506,天津市海河教育园区水岸华庭(津南区),"(117.38018509206742, 38.997960972956704)",117.38018509206742,38.997960972956704,1,70,100
11507,天津市西青区水岸华庭(西青区),"(117.03433953682858, 39.14017099094363)",117.03433953682858,39.14017099094363,1,70,100
11508,天津市宝坻区水岸城春华园,"(117.4355100216465, 39.48998679553383)",117.4355100216465,39.48998679553383,1,70,100
11509,天津市河西区水岸江南天湾园,"(117.23070966029307, 39.04165213995626)",117.23070966029307,39.04165213995626,1,70,100
11510,天津市塘沽区水岸花园,"(117.71002841261262, 39.12637897744533)",117.71002841261262,39.12637897744533,1,70,100
11511,天津市宝坻区水岸蓝庭,"(117.28297055960815, 39.66300015087531)",117.28297055960815,39.66300015087531,1,70,100
11512,天津市河北区水明里,"(117.22756514185538, 39.15930896068414)",117.22756514185538,39.15930896068414,1,70,100
11513,天津市河西区水映兰庭,"(117.18842282671636, 39.10262274618619)",117.18842282671636,39.10262274618619,1,70,100
11514,天津市塘沽区水景花都,"(117.6443680289885, 39.04322112253437)",117.6443680289885,39.04322112253437,1,70,100
11515,天津市宝坻区水暖城,"(117.35249769929997, 39.749568373118095)",117.35249769929997,39.749568373118095,1,75,100
11516,天津市红桥区水木天成临湾园,"(117.14164482491198, 39.16989180575265)",117.14164482491198,39.16989180575265,1,70,100
11517,天津市红桥区水木天成依湖园,"(117.13735703305176, 39.1692753109102)",117.13735703305176,39.1692753109102,1,70,100
11518,天津市红桥区水木天成望汀园,"(117.14042133280738, 39.167215999623906)",117.14042133280738,39.167215999623906,1,70,100
11519,天津市红桥区水木天成碧杉园,"(117.13515411844963, 39.169672159111066)",117.13515411844963,39.169672159111066,1,70,100
11520,天津市红桥区水木天成翠杨园,"(117.13991837155234, 39.16929733866687)",117.13991837155234,39.16929733866687,1,70,100
11521,天津市红桥区水木天成逸树园,"(117.1375499890753, 39.166922846321015)",117.1375499890753,39.166922846321015,0,50,100
11522,天津市红桥区水木天成闻涛园,"(117.13583952555375, 39.16591106634668)",117.13583952555375,39.16591106634668,1,70,100
11523,天津市红桥区水木天成阁林园,"(117.14206181832971, 39.16605023241943)",117.14206181832971,39.16605023241943,1,70,100
11524,天津市南开区水榭花园,"(117.17643826341609, 39.101708940275564)",117.17643826341609,39.101708940275564,1,70,100
11525,天津市西青区水溪苑,"(117.09703371565875, 39.12806060338603)",117.09703371565875,39.12806060338603,0,50,100
11526,天津市南开区水琳园,"(117.15186646364891, 39.14271799587703)",117.15186646364891,39.14271799587703,1,70,100
11527,天津市武清区水电公寓北院,"(117.06830599528021, 39.39049538916736)",117.06830599528021,39.39049538916736,1,70,100
11528,天津市武清区水电公寓南院,"(117.06400508815955, 39.383124095980044)",117.06400508815955,39.383124095980044,1,70,100
11529,天津市南开区水畔花园,"(117.15802650385304, 39.14792434790268)",117.15802650385304,39.14792434790268,1,70,100
11530,天津市红桥区水竹花园,"(117.16216338038758, 39.16853111829467)",117.16216338038758,39.16853111829467,1,70,100
11531,天津市南开区水蓝花园,"(117.16455808321608, 39.09284142797768)",117.16455808321608,39.09284142797768,1,70,100
11532,天津市红桥区水西园,"(117.16703426235433, 39.15384725018668)",117.16703426235433,39.15384725018668,1,70,100
11533,天津市南开区水轩大厦,"(117.16023768286585, 39.09399931690292)",117.16023768286585,39.09399931690292,1,75,100
11534,天津市河北区水运名苑,"(117.18821334187143, 39.18492186676646)",117.18821334187143,39.18492186676646,1,70,100
11535,天津市南开区水郡花园,"(117.15083251400692, 39.15305386112528)",117.15083251400692,39.15305386112528,1,70,100
11536,天津市和平区永丰楼(和平区),"(117.20001501016986, 39.12800812534541)",117.20001501016986,39.12800812534541,1,70,100
11537,天津市红桥区永丰楼(红桥区),"(117.15265553520888, 39.1938594819866)",117.15265553520888,39.1938594819866,1,70,100
11538,天津市南开区永光楼（南开）,"(117.14921592341118, 39.1453343017047)",117.14921592341118,39.1453343017047,1,75,100
11539,天津市红桥区永光楼（红桥）,"(117.16730375400734, 39.17246793441216)",117.16730375400734,39.17246793441216,1,70,100
11540,天津市塘沽区永利花园,"(117.6768655782702, 39.02530617895114)",117.6768655782702,39.02530617895114,1,70,100
11541,天津市和平区永勤里,"(117.20537349236746, 39.12011057057885)",117.20537349236746,39.12011057057885,1,70,100
11542,天津市和平区永和新里,"(117.19203311656096, 39.130849019854686)",117.19203311656096,39.130849019854686,1,70,100
11543,天津市和平区永和里,"(117.21313027061555, 39.13482973019114)",117.21313027061555,39.13482973019114,1,70,100
11544,天津市南开区永基花园,"(117.17475421007654, 39.144411470476854)",117.17475421007654,39.144411470476854,1,70,100
11545,天津市河西区永安大厦,"(117.22101865062088, 39.10927892468593)",117.22101865062088,39.10927892468593,1,70,100
11546,天津市滨海新区永安里,"(117.81338304289368, 39.262815235908214)",117.81338304289368,39.262815235908214,1,70,100
11547,天津市和平区永安里(和平区),"(117.20812266655018, 39.120286216785594)",117.20812266655018,39.120286216785594,0,50,100
11548,天津市津南区永安里(津南区),"(117.38987340682307, 38.99217131783867)",117.38987340682307,38.99217131783867,1,70,100
11549,天津市和平区永定里,"(117.20433100882312, 39.11713641439555)",117.20433100882312,39.11713641439555,1,70,100
11550,天津市南开区永川里,"(117.15906970604178, 39.135911713745415)",117.15906970604178,39.135911713745415,1,70,100
11551,天津市东丽区永平巷,"(117.31911558858259, 39.097276444692156)",117.31911558858259,39.097276444692156,0,30,100
11552,天津市河北区永年里,"(117.20447985804613, 39.167139144905285)",117.20447985804613,39.167139144905285,1,70,100
11553,天津市塘沽区永康里,"(117.66142586248691, 39.0233361750187)",117.66142586248691,39.0233361750187,1,70,100
11554,天津市塘沽区永开里,"(117.72874775198228, 39.01368422698742)",117.72874775198228,39.01368422698742,1,70,100
11555,天津市南开区永德街,"(117.17867850351047, 39.12528631899885)",117.17867850351047,39.12528631899885,0,30,100
11556,天津市和平区永德里,"(117.21146831559153, 39.12679230306416)",117.21146831559153,39.12679230306416,1,70,100
11557,天津市红桥区永明西里,"(117.15196518742445, 39.19494278742886)",117.15196518742445,39.19494278742886,1,70,100
11558,天津市红桥区永明里(红桥区),"(117.15650863703281, 39.194103938457474)",117.15650863703281,39.194103938457474,1,70,100
11559,天津市西青区永福里,"(117.02280197035009, 39.14573716211903)",117.02280197035009,39.14573716211903,1,70,100
11560,天津市红桥区永进楼,"(117.14609188633912, 39.19463772718778)",117.14609188633912,39.19463772718778,1,70,100
11561,天津市和平区永铭里,"(0, 0)",0.0,0.0,0,0,0
11562,天津市和平区永顺里(和平区),"(117.19541784189201, 39.12841619355077)",117.19541784189201,39.12841619355077,1,70,100
11563,天津市塘沽区永顺里(塘沽区),"(117.19541784189201, 39.12841619355077)",117.19541784189201,39.12841619355077,1,70,100
11564,天津市津南区汀兰花园,"(117.33847002994781, 39.04025812873212)",117.33847002994781,39.04025812873212,1,70,100
11565,天津市津南区汀芳花园,"(117.33543303867968, 39.0410281380587)",117.33543303867968,39.0410281380587,1,70,100
11566,天津市滨海新区求实北里,"(117.4026412026975, 38.677186446954366)",117.4026412026975,38.677186446954366,1,70,100
11567,天津市和平区求志里,"(117.20745118318148, 39.121241206583136)",117.20745118318148,39.121241206583136,1,70,100
11568,天津市河北区求是里,"(117.20130659383213, 39.16188429120548)",117.20130659383213,39.16188429120548,1,70,100
11569,天津市滨海新区汇丰园,"(117.50537995472094, 38.85938939107287)",117.50537995472094,38.85938939107287,1,70,100
11570,天津市河北区汇仁云居,"(117.22582665120193, 39.15513800070659)",117.22582665120193,39.15513800070659,1,70,100
11571,天津市河北区汇光西里,"(117.24653825253162, 39.16656584379608)",117.24653825253162,39.16656584379608,1,70,100
11572,天津市河北区汇光里,"(117.24885004176157, 39.166547101987184)",117.24885004176157,39.166547101987184,1,70,100
11573,天津市和平区汇名园,"(117.18764848736677, 39.11933877171571)",117.18764848736677,39.11933877171571,1,70,100
11574,天津市河东区汇和家园,"(117.21405292020485, 39.146496147902305)",117.21405292020485,39.146496147902305,1,70,100
11575,天津市河北区汇园里,"(117.2205350029343, 39.17097408507398)",117.2205350029343,39.17097408507398,1,70,100
11576,天津市河北区汇宝名苑,"(117.19490419080141, 39.180335306624855)",117.19490419080141,39.180335306624855,1,70,100
11577,天津市武清区汇尚园,"(117.07933296490684, 39.322621085281654)",117.07933296490684,39.322621085281654,1,70,100
11578,天津市河北区汇川家园,"(117.19331562733755, 39.17906327122658)",117.19331562733755,39.17906327122658,1,70,100
11579,天津市滨海新区汇康园,"(117.50516876309554, 38.8620560353937)",117.50516876309554,38.8620560353937,1,70,100
11580,天津市滨海新区汇德园,"(117.50556518531708, 38.86542870508313)",117.50556518531708,38.86542870508313,1,70,100
11581,天津市河北区汇恒园,"(117.19796031597691, 39.189808524003915)",117.19796031597691,39.189808524003915,1,70,100
11582,天津市河西区汇文名邸,"(117.2411472516746, 39.098631450928764)",117.2411472516746,39.098631450928764,1,70,100
11583,天津市河北区汇旺嘉园,"(117.23146100302161, 39.17109568922846)",117.23146100302161,39.17109568922846,1,70,100
11584,天津市武清区汇景园,"(117.13285454617464, 39.332847804568225)",117.13285454617464,39.332847804568225,1,70,100
11585,天津市东丽区汇智俊园,"(117.46621608024967, 39.16910587177477)",117.46621608024967,39.16910587177477,1,70,100
11586,天津市开发区汇泉园,"(117.7007260997346, 39.04209111674246)",117.7007260997346,39.04209111674246,1,70,100
11587,天津市塘沽区汇泰园,"(117.65153902221354, 39.03774452288709)",117.65153902221354,39.03774452288709,1,70,100
11588,天津市东丽区汇海北里,"(117.32785717916128, 39.10942905200637)",117.32785717916128,39.10942905200637,1,70,100
11589,天津市东丽区汇海南里,"(117.32681640239743, 39.106986240977314)",117.32681640239743,39.106986240977314,1,70,100
11590,天津市静海区汇海鸿园,"(117.09478543662838, 38.98353119916775)",117.09478543662838,38.98353119916775,0,50,100
11591,天津市东丽区汇港苑,"(117.4972035779691, 39.19168079659766)",117.4972035779691,39.19168079659766,1,70,100
11592,天津市南开区汇福华庭,"(117.18480283517225, 39.12969852817331)",117.18480283517225,39.12969852817331,1,70,100
11593,天津市河北区汇英里,"(117.24762340558769, 39.16540740872186)",117.24762340558769,39.16540740872186,1,70,100
11594,天津市河东区汇贤南里,"(117.25017144916674, 39.124290690564486)",117.25017144916674,39.124290690564486,1,70,100
11595,天津市河东区汇贤里,"(117.25184651945119, 39.12541426159869)",117.25184651945119,39.12541426159869,1,70,100
11596,天津市河西区汇通大厦,"(117.22563010195634, 39.118131406193314)",117.22563010195634,39.118131406193314,1,75,100
11597,天津市武清区汇锦新园,"(117.0781222287405, 39.373494104892494)",117.0781222287405,39.373494104892494,1,70,100
11598,天津市南开区汉中里,"(117.12259679555619, 39.14070414312177)",117.12259679555619,39.14070414312177,1,70,100
11599,天津市河西区汉江里,"(117.26752060314205, 39.06623592734084)",117.26752060314205,39.06623592734084,1,70,100
11600,天津市滨海新区汉源里,"(117.81097019429387, 39.263044645268465)",117.81097019429387,39.263044645268465,1,70,100
11601,天津市滨海新区汉滨城市花园,"(117.83143673788045, 39.26296915326117)",117.83143673788045,39.26296915326117,1,70,100
11602,天津市和平区汉益里,"(117.19449456348886, 39.13189706119181)",117.19449456348886,39.13189706119181,1,70,100
11603,天津市滨海新区汉郡豪庭,"(117.83888692445801, 39.235100160806574)",117.83888692445801,39.235100160806574,1,70,100
11604,天津市和平区汉阳道,"(117.1963850474346, 39.1168338831344)",117.1963850474346,39.1168338831344,0,30,100
11605,天津市河西区汐岸国际天汐园,"(117.22710844333412, 39.044130578312924)",117.22710844333412,39.044130578312924,1,70,100
11606,天津市西青区江东花园别墅,"(117.11923686345723, 39.135790048277244)",117.11923686345723,39.135790048277244,1,70,100
11607,天津市河西区江南公寓,"(117.21732392005832, 39.11167826361503)",117.21732392005832,39.11167826361503,1,70,100
11608,天津市南开区江坪园,"(117.14360672414576, 39.119586218539425)",117.14360672414576,39.119586218539425,1,70,100
11609,天津市南开区江安里,"(117.14435600077164, 39.134527135606184)",117.14435600077164,39.134527135606184,1,70,100
11610,天津市南开区江川北里,"(117.14422889054198, 39.11385041947874)",117.14422889054198,39.11385041947874,1,70,100
11611,天津市南开区江川里,"(117.14506817737995, 39.11291590452985)",117.14506817737995,39.11291590452985,1,70,100
11612,天津市河西区江浦里,"(117.22754151642049, 39.11816898578597)",117.22754151642049,39.11816898578597,1,70,100
11613,天津市河西区江苏路,"(117.22852695756492, 39.12102427592159)",117.22852695756492,39.12102427592159,0,30,100
11614,天津市河西区江门里,"(117.21142995794627, 39.10651708438626)",117.21142995794627,39.10651708438626,1,70,100
11615,天津市南开区汶川里,"(117.13203133900531, 39.13524153657687)",117.13203133900531,39.13524153657687,1,70,100
11616,天津市蓟州区汽修厂小区,"(0, 0)",0.0,0.0,0,0,0
11617,天津市东丽区汽研家属院,"(117.2854419777272, 39.133879193983084)",117.2854419777272,39.133879193983084,1,70,100
11618,天津市南开区汾水道,"(117.14335412063636, 39.14763440125321)",117.14335412063636,39.14763440125321,0,30,100
11619,天津市南开区汾阳里,"(117.16073130174358, 39.14785089952878)",117.16073130174358,39.14785089952878,1,70,100
11620,天津市开发区沁园,"(117.33011174633023, 39.72379523224682)",117.33011174633023,39.72379523224682,1,80,100
11621,天津市蓟州区沁园蓝山,"(117.4234560193303, 40.079807063838096)",117.4234560193303,40.079807063838096,1,70,57
11622,天津市西青区沁春园,"(117.02408385231281, 39.125910720717364)",117.02408385231281,39.125910720717364,1,70,100
11623,天津市和平区沈阳道,"(117.20123095650818, 39.12979781419041)",117.20123095650818,39.12979781419041,0,30,100
11624,天津市和平区沈阳道20号,"(117.20354930336833, 39.132602393464936)",117.20354930336833,39.132602393464936,1,80,100
11625,天津市和平区沈阳道76号,"(117.19959029132475, 39.12777750138228)",117.19959029132475,39.12777750138228,1,80,100
11626,天津市南开区沐川里,"(117.13353303632633, 39.13667206564817)",117.13353303632633,39.13667206564817,1,70,100
11627,天津市和平区沙市道,"(117.20000476948707, 39.116096829481876)",117.20000476948707,39.116096829481876,0,30,100
11628,天津市河东区沧浪东里,"(117.28385089900793, 39.13684452193485)",117.28385089900793,39.13684452193485,1,70,100
11629,天津市河东区沧浪西里,"(117.28002348872158, 39.13617211491501)",117.28002348872158,39.13617211491501,1,70,100
11630,天津市南开区沱江里,"(117.15515165672946, 39.13020888058914)",117.15515165672946,39.13020888058914,1,70,100
11631,天津市河东区河东融科瀚棠,"(117.2839910346675, 39.111185132770956)",117.2839910346675,39.111185132770956,1,70,100
11632,天津市河北区河兴庄东窑洼,"(117.25064350871223, 39.18198116419594)",117.25064350871223,39.18198116419594,1,70,100
11633,天津市和平区河北路,"(117.20972497408832, 39.1270297175374)",117.20972497408832,39.1270297175374,0,30,100
11634,天津市和平区河北路(体育馆街),"(117.2067634341949, 39.120615975671086)",117.2067634341949,39.120615975671086,0,30,100
11635,天津市和平区河北路(劝业场),"(117.20709033385812, 39.13253599556137)",117.20709033385812,39.13253599556137,1,75,100
11636,天津市塘沽区河北路(塘沽区),"(117.19209402167454, 39.2107081239838)",117.19209402167454,39.2107081239838,0,30,100
11637,天津市和平区河北路(小白楼),"(117.21792048474751, 39.12634860942634)",117.21792048474751,39.12634860942634,0,50,100
11638,天津市和平区河北路(小白楼) ,"(117.21792048474751, 39.12634860942634)",117.21792048474751,39.12634860942634,0,50,100
11639,天津市和平区河北路103号,"(117.20226894852496, 39.13100847652061)",117.20226894852496,39.13100847652061,1,80,100
11640,天津市和平区河北路16号,"(117.19733671229189, 39.13331506498651)",117.19733671229189,39.13331506498651,1,80,100
11641,天津市和平区河北路213号,"(117.2105320117585, 39.126032123502725)",117.2105320117585,39.126032123502725,1,80,100
11642,天津市和平区河北路245号,"(117.2123149685347, 39.12000714204819)",117.2123149685347,39.12000714204819,1,80,100
11643,天津市和平区河北路247号,"(117.21231981938446, 39.120011480731165)",117.21231981938446,39.120011480731165,1,80,100
11644,天津市和平区河北路261号,"(117.21251717710498, 39.11949986417615)",117.21251717710498,39.11949986417615,1,80,100
11645,天津市和平区河北路303号,"(117.21408220496447, 39.115772389044935)",117.21408220496447,39.115772389044935,1,80,100
11646,天津市和平区河北路（和平区）,"(117.20972497408832, 39.1270297175374)",117.20972497408832,39.1270297175374,0,30,100
11647,天津市和平区河北里,"(0, 0)",0.0,0.0,0,0,0
11648,天津市塘沽区河华里,"(117.65005511134162, 39.022899042892455)",117.65005511134162,39.022899042892455,1,80,100
11649,天津市和平区河南路,"(117.20177101778077, 39.129795715121745)",117.20177101778077,39.129795715121745,0,30,100
11650,天津市和平区河南路43号,"(117.19904879276335, 39.13129247500793)",117.19904879276335,39.13129247500793,1,80,100
11651,天津市和平区河南路63号,"(117.20049865785644, 39.13051065426265)",117.20049865785644,39.13051065426265,1,80,100
11652,天津市和平区河南路70号,"(117.20169618893179, 39.12977010647891)",117.20169618893179,39.12977010647891,1,80,100
11653,天津市塘沽区河南里,"(117.20841479550202, 39.12779107575072)",117.20841479550202,39.12779107575072,0,50,100
11654,天津市和平区河南里（和平区）,"(117.20841479550202, 39.12779107575072)",117.20841479550202,39.12779107575072,0,50,100
11655,天津市和平区河大宿舍,"(117.20391491371089, 39.10931993852203)",117.20391491371089,39.10931993852203,0,50,100
11656,天津市和平区河川大厦,"(117.19024485978225, 39.12624008213539)",117.19024485978225,39.12624008213539,1,70,100
11657,天津市红桥区河怡花园,"(117.14111374669447, 39.17287874960846)",117.14111374669447,39.17287874960846,1,70,100
11658,天津市和平区河新里,"(117.21415766262731, 39.12180746241414)",117.21415766262731,39.12180746241414,1,70,100
11659,天津市宝坻区河景园南区,"(117.29591801658457, 39.70650007476493)",117.29591801658457,39.70650007476493,1,70,100
11660,天津市宝坻区河景馨园北区,"(117.29604503698368, 39.708252094843246)",117.29604503698368,39.708252094843246,1,70,100
11661,天津市和平区河沿路,"(117.1980228048031, 39.10816472150036)",117.1980228048031,39.10816472150036,0,30,100
11662,天津市和平区河沿里,"(117.19680401712446, 39.10728111579724)",117.19680401712446,39.10728111579724,1,70,100
11663,天津市河北区河润里,"(117.21061600332368, 39.193566999912306)",117.21061600332368,39.193566999912306,1,70,100
11664,天津市武清区河溪佳园,"(117.13806902999896, 39.58435012760294)",117.13806902999896,39.58435012760294,1,70,100
11665,天津市塘沽区河滨里,"(117.65251368369186, 39.02278902363696)",117.65251368369186,39.02278902363696,1,70,100
11666,天津市河西区河畔公寓,"(117.26711699447641, 39.08543153517934)",117.26711699447641,39.08543153517934,1,70,100
11667,天津市西青区河畔馨居,"(117.09344489531584, 39.13832308099441)",117.09344489531584,39.13832308099441,1,70,100
11668,天津市和平区河美里,"(117.20067122234491, 39.131174579742556)",117.20067122234491,39.131174579742556,1,70,100
11669,天津市红桥区河通花园,"(117.16283279765364, 39.15725599966364)",117.16283279765364,39.15725599966364,1,70,100
11670,天津市塘沽区治国里,"(117.66299924458764, 39.04247460618165)",117.66299924458764,39.04247460618165,1,70,100
11671,天津市和平区治安大街,"(117.19410478872807, 39.1332492974499)",117.19410478872807,39.1332492974499,0,30,100
11672,天津市津南区沽上江南,"(117.39673735922483, 38.99976359236748)",117.39673735922483,38.99976359236748,1,70,100
11673,天津市滨海新区沽祥里,"(117.80929206977068, 39.26222163131062)",117.80929206977068,39.26222163131062,1,70,100
11674,天津市红桥区泉富家园,"(117.15979248265509, 39.18282015905341)",117.15979248265509,39.18282015905341,1,70,100
11675,天津市和平区泉山里,"(117.21296695867383, 39.12088124127181)",117.21296695867383,39.12088124127181,1,70,100
11676,天津市武清区泉州东里春雨巷农行宿舍,"(0, 0)",0.0,0.0,0,0,0
11677,天津市武清区泉昇佳苑东区,"(117.03914457300145, 39.370425473093285)",117.03914457300145,39.370425473093285,1,70,100
11678,天津市武清区泉昇佳苑中区,"(117.03453375047985, 39.372030019817466)",117.03453375047985,39.372030019817466,1,70,100
11679,天津市武清区泉昇佳苑西区,"(117.03045472482013, 39.37342954021576)",117.03045472482013,39.37342954021576,1,70,100
11680,天津市河东区泉星楼,"(117.23972765947718, 39.14457054640848)",117.23972765947718,39.14457054640848,1,70,100
11681,天津市河北区泉江里,"(117.26746400989492, 39.17454107548453)",117.26746400989492,39.17454107548453,1,70,100
11682,天津市河北区泉清家园,"(117.2326110137355, 39.15719794824065)",117.2326110137355,39.15719794824065,1,70,100
11683,天津市武清区泉鑫佳苑东区,"(117.05430734119602, 39.36559815158516)",117.05430734119602,39.36559815158516,1,70,100
11684,天津市武清区泉鑫佳苑中区,"(117.04980341703009, 39.36681224808844)",117.04980341703009,39.36681224808844,0,50,100
11685,天津市武清区泉鑫佳苑西区,"(117.0443707347974, 39.36862425329433)",117.0443707347974,39.36862425329433,1,70,100
11686,天津市东丽区泊杉苑,"(117.49894602116682, 39.19341488637897)",117.49894602116682,39.19341488637897,1,70,100
11687,天津市南开区泊江东里,"(117.1534415525301, 39.13027325161892)",117.1534415525301,39.13027325161892,1,70,100
11688,天津市静海区泊湖林奇郡,"(117.15118518875015, 38.89060477895212)",117.15118518875015,38.89060477895212,1,70,100
11689,天津市津南区泓天园,"(117.28277131544604, 39.050865731998215)",117.28277131544604,39.050865731998215,1,70,100
11690,天津市津南区泓春园,"(117.27776703511105, 39.053109191731544)",117.27776703511105,39.053109191731544,1,70,100
11691,天津市津南区泓林园,"(117.27622302760051, 39.05538108729649)",117.27622302760051,39.05538108729649,1,70,100
11692,天津市津南区泓荷园,"(117.2805470211728, 39.05364307805289)",117.2805470211728,39.05364307805289,1,70,100
11693,天津市河北区泗阳里,"(117.22747001130188, 39.18208212377809)",117.22747001130188,39.18208212377809,1,70,100
11694,天津市红桥区泛洋大厦,"(117.1760740005318, 39.18119914198244)",117.1760740005318,39.18119914198244,1,70,100
11695,天津市津南区波清楼,"(117.43872829096654, 38.91759743166468)",117.43872829096654,38.91759743166468,1,70,100
11696,天津市河北区波莹公寓,"(117.23112270116657, 39.15589226805704)",117.23112270116657,39.15589226805704,1,70,100
11697,天津市开发区泰丰家园,"(117.71559844575779, 39.04581859558751)",117.71559844575779,39.04581859558751,1,70,100
11698,天津市开发区泰丰家园二期,"(117.71729309910236, 39.047141533887604)",117.71729309910236,39.047141533887604,1,70,100
11699,天津市和平区泰余里,"(0, 0)",0.0,0.0,0,0,0
11700,天津市河东区泰兴公寓,"(0, 0)",0.0,0.0,0,0,0
11701,天津市东丽区泰兴里,"(117.32883767962542, 39.0939911263412)",117.32883767962542,39.0939911263412,0,50,100
11702,天津市和平区泰华里,"(117.20620855716952, 39.11974787026161)",117.20620855716952,39.11974787026161,1,70,100
11703,天津市武清区泰合府,"(117.02771004216494, 39.37449408272912)",117.02771004216494,39.37449408272912,1,70,100
11704,天津市塘沽区泰和城,"(117.66224376965374, 39.03385931891791)",117.66224376965374,39.03385931891791,1,70,100
11705,天津市西青区泰安楼,"(0, 0)",0.0,0.0,0,0,0
11706,天津市和平区泰安道,"(117.21930863625208, 39.12490023551572)",117.21930863625208,39.12490023551572,0,30,100
11707,天津市和平区泰安道五大院,"(117.22008351458499, 39.125648951803534)",117.22008351458499,39.125648951803534,1,80,100
11708,天津市东丽区泰安里(东丽区),"(117.32367457887628, 39.09438623234551)",117.32367457887628,39.09438623234551,1,70,100
11709,天津市滨海新区泰安里(汉沽区),"(117.78728241697907, 39.251689544900664)",117.78728241697907,39.251689544900664,1,70,57
11710,天津市津南区泰安里(津南区),"(117.34713939676351, 39.0377791330451)",117.34713939676351,39.0377791330451,1,70,100
11711,天津市宝坻区泰富橄榄树,"(117.38753673453053, 39.55415674359991)",117.38753673453053,39.55415674359991,1,70,100
11712,天津市河西区泰山里,"(0, 0)",0.0,0.0,0,0,0
11713,天津市西青区泰康园,"(117.27826945738278, 38.8940614515771)",117.27826945738278,38.8940614515771,1,70,100
11714,天津市河北区泰康花园,"(117.18533517101746, 39.1896931743727)",117.18533517101746,39.1896931743727,1,70,100
11715,天津市河东区泰昌西里,"(117.2643978236977, 39.130145908872194)",117.2643978236977,39.130145908872194,1,70,100
11716,天津市北辰区泰来东里,"(117.1417688809029, 39.23592126010568)",117.1417688809029,39.23592126010568,1,70,100
11717,天津市北辰区泰来南里,"(117.1361908528387, 39.232785688728654)",117.1361908528387,39.232785688728654,1,70,100
11718,天津市河北区泰来嘉园,"(117.187552009355, 39.19011954760383)",117.187552009355,39.19011954760383,1,70,100
11719,天津市北辰区泰来西里,"(117.13508288282269, 39.23403291984196)",117.13508288282269,39.23403291984196,1,70,100
11720,天津市河北区泰来里,"(117.18662082586336, 39.18945932862551)",117.18662082586336,39.18945932862551,1,70,100
11721,天津市东丽区泰欣公寓,"(117.3224306952366, 39.093751779502895)",117.3224306952366,39.093751779502895,1,70,100
11722,天津市滨海新区泰河新苑,"(117.80696698561921, 39.24766234638977)",117.80696698561921,39.24766234638977,1,70,100
11723,天津市宝坻区泰泽花園,"(117.32437696395452, 39.72924308006412)",117.32437696395452,39.72924308006412,1,70,100
11724,天津市西青区泰祥园,"(117.26082400505682, 38.89406643609507)",117.26082400505682,38.89406643609507,1,70,100
11725,天津市塘沽区泰祥里,"(117.66130000988495, 39.03131612530778)",117.66130000988495,39.03131612530778,1,70,100
11726,天津市滨海新区泰达印象,"(117.51638913789846, 38.86616544548688)",117.51638913789846,38.86616544548688,1,70,100
11727,天津市河西区泰达园,"(117.22017271632212, 39.11074043018762)",117.22017271632212,39.11074043018762,1,70,100
11728,天津市南开区泰达国际会馆,"(117.17798352855436, 39.10542204679489)",117.17798352855436,39.10542204679489,1,75,100
11729,天津市开发区泰达国际公寓,"(117.69247201955615, 39.036066680397795)",117.69247201955615,39.036066680397795,1,70,100
11730,天津市红桥区泰达城河与海,"(117.18772699926832, 39.16265708862967)",117.18772699926832,39.16265708862967,1,70,100
11731,天津市塘沽区泰达御景,"(117.71275054779949, 39.118087598300036)",117.71275054779949,39.118087598300036,1,70,100
11732,天津市塘沽区泰达御海,"(117.7089791019464, 39.11989685543548)",117.7089791019464,39.11989685543548,1,70,100
11733,天津市开发区泰达新天地,"(117.70637464478132, 39.033321498301476)",117.70637464478132,39.033321498301476,1,70,100
11734,天津市开发区泰达时尚旺角,"(117.72802407706344, 39.04316192553508)",117.72802407706344,39.04316192553508,1,70,100
11735,天津市滨海新区泰达星海湾,"(117.69863116145477, 38.91318985551016)",117.69863116145477,38.91318985551016,1,70,100
11736,天津市宝坻区泰达金色领地,"(117.30378591522427, 39.69758170158506)",117.30378591522427,39.69758170158506,1,70,100
11737,天津市东丽区泰通公寓,"(117.28638133579899, 39.127026638781345)",117.28638133579899,39.127026638781345,1,70,100
11738,天津市蓟州区泽丰名苑,"(117.4065882672778, 40.06094421955957)",117.4065882672778,40.06094421955957,0,50,100
11739,天津市武清区泽信金汇湾,"(117.07918636144763, 39.3966626610644)",117.07918636144763,39.3966626610644,1,70,100
11740,天津市东丽区泽园,"(117.3942869614547, 39.17830212247629)",117.3942869614547,39.17830212247629,1,70,100
11741,天津市河北区泽园公寓,"(117.23028251602307, 39.171213796798334)",117.23028251602307,39.171213796798334,1,70,100
11742,天津市北辰区泽天下,"(117.1273233198275, 39.2359000218897)",117.1273233198275,39.2359000218897,1,70,100
11743,天津市津南区泽惠园社区,"(117.41038073347981, 38.96252707525323)",117.41038073347981,38.96252707525323,0,50,100
11744,天津市津南区泽水园,"(117.49629539109851, 38.996962099278655)",117.49629539109851,38.996962099278655,1,70,100
11745,天津市宝坻区泽润家园,"(117.28297729689947, 39.701265396109044)",117.28297729689947,39.701265396109044,1,70,100
11746,天津市南开区泾水园,"(117.13645064279218, 39.138378769462456)",117.13645064279218,39.138378769462456,1,70,100
11747,天津市西青区洛卡小镇林溪园,"(117.22119858121451, 39.033777623139066)",117.22119858121451,39.033777623139066,1,70,100
11748,天津市西青区洛卡小镇逸境园,"(117.22333996188921, 39.03233013471295)",117.22333996188921,39.03233013471295,1,70,100
11749,天津市红桥区洛川里,"(117.15206274340284, 39.159333509404625)",117.15206274340284,39.159333509404625,1,70,100
11750,天津市和平区洛阳道,"(117.21331118934526, 39.12141782963086)",117.21331118934526,39.12141782963086,0,30,100
11751,天津市河西区洞庭公寓,"(117.25580041115336, 39.05774487315443)",117.25580041115336,39.05774487315443,1,70,100
11752,天津市和平区津中里,"(117.20002866441364, 39.117901309475926)",117.20002866441364,39.117901309475926,1,70,100
11753,天津市和平区津南里,"(117.21525934450476, 39.11956417509379)",117.21525934450476,39.11956417509379,1,70,100
11754,天津市河东区津塘公寓,"(117.251765132972, 39.121076269364075)",117.251765132972,39.121076269364075,1,70,100
11755,天津市河东区津塘村,"(117.2531568776986, 39.12040601984147)",117.2531568776986,39.12040601984147,1,70,100
11756,天津市河东区津塘路,"(117.26827508993989, 39.10813549684195)",117.26827508993989,39.10813549684195,0,30,100
11757,天津市河东区津塘路139号,"(117.29056151065913, 39.10210967241126)",117.29056151065913,39.10210967241126,1,80,100
11758,天津市河东区津塘路14,"(117.23604649332785, 39.13237087510605)",117.23604649332785,39.13237087510605,1,80,100
11759,天津市河东区津塘路141,"(117.29167451118599, 39.102118911972276)",117.29167451118599,39.102118911972276,1,80,99
11760,天津市河东区津塘路147,"(117.29285335750673, 39.10191914119137)",117.29285335750673,39.10191914119137,1,80,99
11761,天津市河东区津塘路15号,"(117.23697579037791, 39.13264990046151)",117.23697579037791,39.13264990046151,1,80,100
11762,天津市河东区津塘路168号,"(117.29455295153161, 39.1010186256636)",117.29455295153161,39.1010186256636,1,80,100
11763,天津市河东区津塘路172增1号,"(117.29888916205881, 39.100566998585606)",117.29888916205881,39.100566998585606,1,80,99
11764,天津市河东区津塘路175号,"(117.3050681565092, 39.099957311403315)",117.3050681565092,39.099957311403315,1,80,100
11765,天津市河东区津塘路187号,"(117.31137165610328, 39.098643280954924)",117.31137165610328,39.098643280954924,1,80,100
11766,天津市河东区津塘路20,"(117.23487159955135, 39.13302596722503)",117.23487159955135,39.13302596722503,1,80,100
11767,天津市河东区津塘路27号院,"(117.24233400308383, 39.1305151322299)",117.24233400308383,39.1305151322299,1,80,100
11768,天津市河东区津塘路29,"(117.24063458872006, 39.128507924604186)",117.24063458872006,39.128507924604186,1,80,100
11769,天津市河东区津塘路2号,"(117.23431752471278, 39.133782922260444)",117.23431752471278,39.133782922260444,1,80,100
11770,天津市河东区津塘路47号,"(117.24406692424313, 39.12533239273713)",117.24406692424313,39.12533239273713,1,80,100
11771,天津市河东区津塘路51号,"(117.24407015814296, 39.12501583223643)",117.24407015814296,39.12501583223643,1,80,100
11772,天津市西青区津尚花园,"(117.0450538063072, 39.06910083136286)",117.0450538063072,39.06910083136286,1,70,100
11773,天津市河北区津开里,"(117.2387069149262, 39.16807419324197)",117.2387069149262,39.16807419324197,1,70,100
11774,天津市河西区津沽名园,"(117.24406180390172, 39.10638752858016)",117.24406180390172,39.10638752858016,1,70,100
11775,天津市静海区津泊湾,"(117.17084397602216, 38.923231127822284)",117.17084397602216,38.923231127822284,0,50,100
11776,天津市东丽区津泽兰湾,"(117.49949695193608, 39.19712899011472)",117.49949695193608,39.19712899011472,1,70,100
11777,天津市南开区津涞花园,"(0, 0)",0.0,0.0,0,0,0
11778,天津市河西区津淄东里,"(117.1887004929495, 39.0909812749931)",117.1887004929495,39.0909812749931,1,70,100
11779,天津市河西区津淄里,"(117.19407074294925, 39.07539061732988)",117.19407074294925,39.07539061732988,1,70,100
11780,天津市河西区津港里,"(117.20687447104407, 39.108862135959484)",117.20687447104407,39.108862135959484,1,70,100
11781,天津市开发区津滨杰作,"(117.70077766247086, 39.04703652635382)",117.70077766247086,39.04703652635382,1,75,100
11782,天津市开发区津滨滨海国际1期,"(117.72404206839882, 39.02204509272741)",117.72404206839882,39.02204509272741,0,50,100
11783,天津市开发区津滨藏锦,"(117.72420412271283, 39.01993666163386)",117.72420412271283,39.01993666163386,1,70,100
11784,天津市河西区津滨雅都公寓,"(117.21639067046402, 39.11171304719493)",117.21639067046402,39.11171304719493,1,70,100
11785,天津市河西区津澜阙,"(117.24800123288519, 39.09760125097646)",117.24800123288519,39.09760125097646,1,70,100
11786,天津市河西区津玉大厦,"(117.22774022159928, 39.08526140248046)",117.22774022159928,39.08526140248046,1,75,100
11787,天津市西青区津直3号楼,"(0, 0)",0.0,0.0,0,0,0
11788,天津市津南区津铁惠苑,"(117.28323708685296, 39.05709537931755)",117.28323708685296,39.05709537931755,1,70,100
11789,天津市河北区津铁泰苑,"(117.18913796773285, 39.17571711931666)",117.18913796773285,39.17571711931666,1,70,100
11790,天津市西青区津门·正荣府,"(117.06125303939916, 39.06750511620622)",117.06125303939916,39.06750511620622,1,70,100
11791,天津市武清区津门及第,"(117.13891235921173, 39.422151839246496)",117.13891235921173,39.422151839246496,1,70,100
11792,天津市津南区津门熙湖,"(117.44322278292461, 38.93794775615324)",117.44322278292461,38.93794775615324,1,70,100
11793,天津市东丽区津门里,"(117.3175320556296, 39.091287138478855)",117.3175320556296,39.091287138478855,1,70,100
11794,天津市河东区津顺源大厦,"(117.23409070257152, 39.12438585577917)",117.23409070257152,39.12438585577917,1,75,100
11795,天津市河西区洪泽花园,"(117.24594887428654, 39.08992533911302)",117.24594887428654,39.08992533911302,1,70,100
11796,天津市河西区洪泽里11号院,"(117.24733064782198, 39.09110329851248)",117.24733064782198,39.09110329851248,1,70,100
11797,天津市红桥区洪湖里天宝公寓,"(117.16217954988677, 39.176856993758726)",117.16217954988677,39.176856993758726,1,70,100
11798,天津市红桥区洪湖雅园,"(117.16794595261642, 39.17607218709882)",117.16794595261642,39.17607218709882,1,70,100
11799,天津市南开区洪雅里,"(117.13878596762648, 39.12846608238423)",117.13878596762648,39.12846608238423,1,70,100
11800,天津市红桥区流霞东里,"(117.18524183707498, 39.17333053864176)",117.18524183707498,39.17333053864176,1,70,100
11801,天津市红桥区流霞里,"(117.18229521534114, 39.17366247340297)",117.18229521534114,39.17366247340297,1,70,100
11802,天津市和平区济厚里,"(117.21492203078576, 39.120329183559406)",117.21492203078576,39.120329183559406,0,50,100
11803,天津市红桥区济津楼,"(117.17024624353581, 39.17285979971817)",117.17024624353581,39.17285979971817,1,70,100
11804,天津市河西区浏阳里,"(117.22220126982477, 39.08561440986594)",117.22220126982477,39.08561440986594,1,70,100
11805,天津市和平区浙江路,"(117.22128841176551, 39.12354286939934)",117.22128841176551,39.12354286939934,0,30,100
11806,天津市河西区浦口东里,"(117.23049065340973, 39.11951553953041)",117.23049065340973,39.11951553953041,1,70,100
11807,天津市河西区浦口西里,"(117.21752496083147, 39.115379083475936)",117.21752496083147,39.115379083475936,1,70,100
11808,天津市河西区浦口道,"(117.22388828757249, 39.117495699184055)",117.22388828757249,39.117495699184055,0,30,100
11809,天津市河西区浦江大厦,"(117.22380115193803, 39.11759164344598)",117.22380115193803,39.11759164344598,1,75,100
11810,天津市南开区浩天天娇源,"(117.16293502482065, 39.100298764879675)",117.16293502482065,39.100298764879675,1,70,100
11811,天津市宝坻区浩润嘉苑,"(117.28787773311751, 39.6538004318364)",117.28787773311751,39.6538004318364,0,50,100
11812,天津市红桥区浩达公寓,"(0, 0)",0.0,0.0,0,0,0
11813,天津市和平区浮德里,"(117.20170598046185, 39.130777092814725)",117.20170598046185,39.130777092814725,1,70,100
11814,天津市东丽区海上国际城,"(117.41178631211129, 39.17338640895965)",117.41178631211129,39.17338640895965,1,70,100
11815,天津市东丽区海丽园,"(117.32925260694049, 39.130232879795216)",117.32925260694049,39.130232879795216,1,70,100
11816,天津市滨海新区海保园,"(117.50811098313235, 38.857764111601774)",117.50811098313235,38.857764111601774,1,70,100
11817,天津市滨海新区海信园,"(117.51489642363252, 38.862599522306866)",117.51489642363252,38.862599522306866,1,70,100
11818,天津市和平区海光新邨,"(117.18815917404919, 39.12750545368976)",117.18815917404919,39.12750545368976,1,70,100
11819,天津市河东区海兰公寓,"(117.24076771759664, 39.15357495431376)",117.24076771759664,39.15357495431376,1,70,100
11820,天津市河西区海华里,"(117.24475017541403, 39.10554348517453)",117.24475017541403,39.10554348517453,1,70,100
11821,天津市塘沽区海图公寓,"(117.66705347701527, 39.025597684098216)",117.66705347701527,39.025597684098216,1,70,100
11822,天津市滨海新区海天园,"(117.51640144468395, 38.8596680989641)",117.51640144468395,38.8596680989641,1,70,100
11823,天津市河西区海天尚景园,"(117.22100203196894, 39.105336094892095)",117.22100203196894,39.105336094892095,1,70,100
11824,天津市河东区海委公寓,"(117.26450247628962, 39.11610088847694)",117.26450247628962,39.11610088847694,1,70,100
11825,天津市滨海新区海宁园,"(117.50470999847158, 38.867808229472615)",117.50470999847158,38.867808229472615,1,70,100
11826,天津市滨海新区海宁湾,"(117.81215299315886, 39.242490264593975)",117.81215299315886,39.242490264593975,1,70,100
11827,天津市塘沽区海宁里,"(117.73442180890551, 39.008832487431384)",117.73442180890551,39.008832487431384,1,70,100
11828,天津市塘沽区海安里,"(117.73670431337582, 39.00801768692492)",117.73670431337582,39.00801768692492,1,70,100
11829,天津市津南区海尔格林小镇,"(117.39781927838105, 38.998031354143706)",117.39781927838105,38.998031354143706,1,75,100
11830,天津市滨海新区海尚豪庭,"(117.8137712905351, 39.264548462494815)",117.8137712905351,39.264548462494815,1,70,100
11831,天津市东丽区海山北里,"(117.31156416297407, 39.11925591602237)",117.31156416297407,39.11925591602237,1,70,100
11832,天津市东丽区海山南里,"(117.31195429705704, 39.11691268275164)",117.31195429705704,39.11691268275164,1,70,100
11833,天津市河东区海峰公寓,"(117.24925014703571, 39.11074623919459)",117.24925014703571,39.11074623919459,1,70,100
11834,天津市滨海新区海川园,"(117.51485680835954, 38.85752150000982)",117.51485680835954,38.85752150000982,1,70,100
11835,天津市东丽区海康园,"(117.31460501695588, 39.087689079911655)",117.31460501695588,39.087689079911655,1,70,100
11836,天津市河西区海建里,"(117.2068549778145, 39.08537118362732)",117.2068549778145,39.08537118362732,1,70,100
11837,天津市河东区海德公寓,"(117.24106074485398, 39.11524583496628)",117.24106074485398,39.11524583496628,1,70,100
11838,天津市滨海新区海怡园,"(117.51101511501557, 38.87489723456602)",117.51101511501557,38.87489723456602,1,70,100
11839,天津市滨海新区海悦蓝庭,"(117.83059295951495, 39.24984109699653)",117.83059295951495,39.24984109699653,1,70,100
11840,天津市滨海新区海旋园,"(117.5166999516049, 38.8708967648138)",117.5166999516049,38.8708967648138,1,70,100
11841,天津市东丽区海明园(东丽区),"(117.32978934448269, 39.128546618139794)",117.32978934448269,39.128546618139794,1,70,100
11842,天津市滨海新区海明园东区,"(117.51681744996561, 38.86773666441638)",117.51681744996561,38.86773666441638,1,70,100
11843,天津市滨海新区海明园西区,"(117.51458013026247, 38.868085920867614)",117.51458013026247,38.868085920867614,1,70,100
11844,天津市东丽区海春园,"(117.33081826361384, 39.13023805746542)",117.33081826361384,39.13023805746542,1,70,100
11845,天津市河西区海景公寓,"(117.24679822214623, 39.10059758780246)",117.24679822214623,39.10059758780246,1,70,100
11846,天津市滨海新区海景园,"(117.51114653711169, 38.86187742408641)",117.51114653711169,38.86187742408641,1,70,100
11847,天津市河西区海景雅苑,"(117.24687987811708, 39.097958396145245)",117.24687987811708,39.097958396145245,1,70,100
11848,天津市塘沽区海晶北园,"(117.66692951085489, 39.01042813729502)",117.66692951085489,39.01042813729502,1,70,100
11849,天津市塘沽区海晶园,"(117.66152117270153, 38.99895275233647)",117.66152117270153,38.99895275233647,1,70,100
11850,天津市开发区海望园,"(117.70203798510136, 39.03828308023139)",117.70203798510136,39.03828308023139,1,70,100
11851,天津市河西区海汇名邸,"(117.2314789691318, 39.11672513111887)",117.2314789691318,39.11672513111887,1,70,100
11852,天津市塘沽区海沣苑,"(117.70539845618363, 39.11423421575301)",117.70539845618363,39.11423421575301,1,70,100
11853,天津市红桥区海河华鼎,"(117.19861994171288, 39.15331601694985)",117.19861994171288,39.15331601694985,1,70,100
11854,天津市河西区海河大观,"(117.24184784014184, 39.1069046304941)",117.24184784014184,39.1069046304941,1,70,100
11855,天津市河东区海河金茂府,"(0, 0)",0.0,0.0,0,0,0
11856,天津市西青区海泰国际公寓,"(117.13567226106778, 39.10258928801112)",117.13567226106778,39.10258928801112,1,70,100
11857,天津市滨海新区海泰海港花园,"(117.7026991379567, 38.92435097796121)",117.7026991379567,38.92435097796121,1,70,100
11858,天津市塘沽区海泰渤龙湾,"(117.52899101674518, 39.13996510258733)",117.52899101674518,39.13996510258733,1,70,100
11859,天津市塘沽区海泽苑,"(117.70512114927271, 39.11105495572592)",117.70512114927271,39.11105495572592,1,70,100
11860,天津市河西区海润公寓,"(117.24503332131077, 39.10495672936818)",117.24503332131077,39.10495672936818,1,70,100
11861,天津市红桥区海源公寓,"(117.15416387999068, 39.167416912423754)",117.15416387999068,39.167416912423754,1,70,100
11862,天津市滨海新区海滨园,"(0, 0)",0.0,0.0,0,0,0
11863,天津市塘沽区海瀛里,"(117.66228545102942, 39.0213993324354)",117.66228545102942,39.0213993324354,1,70,100
11864,天津市静海区海熙府,"(117.07995297536984, 38.97811017119795)",117.07995297536984,38.97811017119795,1,70,100
11865,天津市西青区海益国际,"(117.12254101078403, 39.10413121727586)",117.12254101078403,39.10413121727586,1,70,100
11866,天津市河西区海翔公寓,"(117.25618452658942, 39.07066912915049)",117.25618452658942,39.07066912915049,1,70,100
11867,天津市东丽区海航YOHO,"(117.45586400755268, 39.23735615206205)",117.45586400755268,39.23735615206205,1,70,57
11868,天津市宁河区海航城,"(0, 0)",0.0,0.0,0,0,0
11869,天津市宁河区海航大集,"(0, 0)",0.0,0.0,0,0,0
11870,天津市滨海新区海花园,"(117.50635362806318, 38.85776657002419)",117.50635362806318,38.85776657002419,1,70,100
11871,天津市滨海新区海诚园,"(117.51718000606945, 38.86241613632763)",117.51718000606945,38.86241613632763,1,70,100
11872,天津市河北区海达明园,"(117.22817922350202, 39.16521439261733)",117.22817922350202,39.16521439261733,1,70,100
11873,天津市河西区海运里,"(117.2325895442338, 39.11741787996311)",117.2325895442338,39.11741787996311,1,70,100
11874,天津市滨海新区海通园,"(117.51114968118095, 38.8706112189711)",117.51114968118095,38.8706112189711,0,50,100
11875,天津市河西区海逸长洲恋海园,"(0, 0)",0.0,0.0,0,0,0
11876,天津市河西区海逸长洲瀚景园,"(117.21899045644045, 39.064959431947464)",117.21899045644045,39.064959431947464,1,70,100
11877,天津市西青区海逸长洲瀚波园,"(117.21611138728098, 39.06328595304374)",117.21611138728098,39.06328595304374,1,70,100
11878,天津市滨海新区海邻园,"(117.51467220657725, 38.865176708600636)",117.51467220657725,38.865176708600636,1,70,100
11879,天津市塘沽区海阔苑,"(117.70745863004022, 39.110114454366844)",117.70745863004022,39.110114454366844,1,70,100
11880,天津市塘沽区海防里,"(117.73879368216147, 39.007255936266965)",117.73879368216147,39.007255936266965,1,70,100
11881,天津市东丽区海雅园南区,"(117.31802100331869, 39.08867307917226)",117.31802100331869,39.08867307917226,1,70,100
11882,天津市滨海新区海雅园（中核海润府一期）,"(117.49727975427635, 38.86978357895067)",117.49727975427635,38.86978357895067,1,70,100
11883,天津市塘沽区海静里,"(117.73375670350592, 39.00769169398162)",117.73375670350592,39.00769169398162,1,70,100
11884,天津市滨海新区海韵园,"(117.66659561069683, 39.022321965448974)",117.66659561069683,39.022321965448974,1,70,100
11885,天津市塘沽区海韵园(塘沽区),"(117.66659561069683, 39.022321965448974)",117.66659561069683,39.022321965448974,1,70,100
11886,天津市河北区海韵家园,"(117.21166297839555, 39.17324313192198)",117.21166297839555,39.17324313192198,1,70,100
11887,天津市东丽区海颂园,"(117.3104696675407, 39.08954743018935)",117.3104696675407,39.08954743018935,1,70,100
11888,天津市红桥区涟源路24号,"(117.15472577008718, 39.165381393538915)",117.15472577008718,39.165381393538915,1,80,100
11889,天津市红桥区涟源路2号,"(117.15648860481996, 39.16900552277374)",117.15648860481996,39.16900552277374,1,80,100
11890,天津市红桥区涟源里,"(117.15338298301086, 39.16543321409537)",117.15338298301086,39.16543321409537,1,70,100
11891,天津市河东区润东大厦,"(117.22476727951401, 39.1456055104734)",117.22476727951401,39.1456055104734,1,75,100
11892,天津市宝坻区润和佳园,"(117.2956600232421, 39.70431605822935)",117.2956600232421,39.70431605822935,1,70,100
11893,天津市滨海新区润和馨苑,"(117.80277764804288, 39.259432459885375)",117.80277764804288,39.259432459885375,1,70,100
11894,天津市东丽区润园,"(117.38181785216234, 39.18400193610126)",117.38181785216234,39.18400193610126,1,70,100
11895,天津市河北区润园里,"(117.23396089742533, 39.16874776154222)",117.23396089742533,39.16874776154222,0,50,100
11896,天津市河东区润晖公寓,"(117.23950523903291, 39.14156063402433)",117.23950523903291,39.14156063402433,1,70,100
11897,天津市河东区润泉公寓,"(117.2324729441786, 39.126596381287946)",117.2324729441786,39.126596381287946,1,70,100
11898,天津市河北区润泰园,"(117.19164163501972, 39.17649039281603)",117.19164163501972,39.17649039281603,1,70,100
11899,天津市滨海新区润泽园,"(117.48260359817654, 38.843044633104775)",117.48260359817654,38.843044633104775,1,70,100
11900,天津市武清区润泽尚苑,"(117.119239109221, 39.34324621722823)",117.119239109221,39.34324621722823,1,70,100
11901,天津市东丽区润风家园,"(117.31555937672968, 39.111101287583715)",117.31555937672968,39.111101287583715,1,70,100
11902,天津市河北区涪江北里,"(117.25375380170998, 39.16943202251353)",117.25375380170998,39.16943202251353,1,70,100
11903,天津市河北区涪江南里,"(117.25370259829592, 39.16788069499973)",117.25370259829592,39.16788069499973,1,70,100
11904,天津市南开区淦江东里,"(117.15318409817094, 39.10723492139064)",117.15318409817094,39.10723492139064,1,70,100
11905,天津市南开区淦江西里,"(117.15026110187203, 39.1077077826917)",117.15026110187203,39.1077077826917,1,70,100
11906,天津市北辰区淮兴园,"(117.19695403414462, 39.22358314036786)",117.19695403414462,39.22358314036786,1,70,100
11907,天津市北辰区淮和园,"(117.20125134804326, 39.217215356834004)",117.20125134804326,39.217215356834004,1,70,100
11908,天津市河北区淮安道,"(117.22873841868198, 39.18367927932584)",117.22873841868198,39.18367927932584,0,30,100
11909,天津市北辰区淮盛园,"(117.19858284169531, 39.22183757296312)",117.19858284169531,39.22183757296312,1,70,100
11910,天津市北辰区淮祥园,"(117.20034828151408, 39.21969882464312)",117.20034828151408,39.21969882464312,1,70,100
11911,天津市南开区深蓝公寓,"(117.16402799313464, 39.12464021216901)",117.16402799313464,39.12464021216901,1,70,100
11912,天津市南开区清化里,"(117.16890022255967, 39.144852810856776)",117.16890022255967,39.144852810856776,1,70,100
11913,天津市和平区清和南里,"(117.2060272791176, 39.12760131423727)",117.2060272791176,39.12760131423727,1,70,100
11914,天津市南开区清新园,"(117.1741610589483, 39.12948883060364)",117.1741610589483,39.12948883060364,1,70,100
11915,天津市西青区清枫园,"(117.08916393057748, 39.13569762715602)",117.08916393057748,39.13569762715602,1,70,100
11916,天津市河北区清水园,"(117.22664105497728, 39.160346154083875)",117.22664105497728,39.160346154083875,1,70,100
11917,天津市红桥区清水楼,"(117.15694674063005, 39.154531727234925)",117.15694674063005,39.154531727234925,1,70,100
11918,天津市红桥区清河北里,"(117.17803598959615, 39.174859089650006)",117.17803598959615,39.174859089650006,1,70,100
11919,天津市河西区清泽园,"(117.21640863657422, 39.081853690423806)",117.21640863657422,39.081853690423806,1,70,100
11920,天津市红桥区清源楼,"(117.15402904433363, 39.189002820317505)",117.15402904433363,39.189002820317505,1,70,100
11921,天津市河西区清秀园,"(117.21679769269059, 39.08083122541414)",117.21679769269059,39.08083122541414,1,70,100
11922,天津市开发区清谷,"(117.71021391270042, 39.09194758622306)",117.71021391270042,39.09194758622306,1,70,100
11923,天津市蓟州区渔山小区,"(117.40429794754955, 40.054052193332836)",117.40429794754955,40.054052193332836,1,70,100
11924,天津市河东区渤海创智大厦,"(117.2235108195972, 39.146963916874014)",117.2235108195972,39.146963916874014,1,75,100
11925,天津市西青区渤海天易园,"(117.2330480393661, 39.00019112497902)",117.2330480393661,39.00019112497902,1,70,100
11926,天津市河西区渤海明珠,"(117.24114886862452, 39.10073191420509)",117.24114886862452,39.10073191420509,0,50,100
11927,天津市塘沽区渤海花园,"(117.68947158932228, 38.97971549483102)",117.68947158932228,38.97971549483102,1,70,100
11928,天津市塘沽区渤龙公寓,"(117.52767508900362, 39.13618253933712)",117.52767508900362,39.13618253933712,1,70,100
11929,天津市塘沽区渤龙御湖湾,"(117.53971256249842, 39.134903821937115)",117.53971256249842,39.134903821937115,1,70,100
11930,天津市塘沽区渤龙观湖湾,"(117.53889950618135, 39.13236338870326)",117.53889950618135,39.13236338870326,1,70,100
11931,天津市河西区港云里,"(117.2199847009789, 39.105341274407145)",117.2199847009789,39.105341274407145,1,70,100
11932,天津市津南区港基中心,"(117.3084260225055, 39.0508503214481)",117.3084260225055,39.0508503214481,1,75,100
11933,天津市河西区港建里,"(117.2323598475149, 39.11801985696691)",117.2323598475149,39.11801985696691,1,70,100
11934,天津市滨海新区港明里,"(117.46501172205244, 38.852070175422845)",117.46501172205244,38.852070175422845,1,70,100
11935,天津市滨海新区港星里,"(117.46453499131829, 38.85694292348521)",117.46453499131829,38.85694292348521,0,50,100
11936,天津市和平区港湾中心,"(117.22056680294935, 39.13621864000834)",117.22056680294935,39.13621864000834,1,75,100
11937,天津市滨海新区港电西里,"(117.50849725450165, 38.7870416769334)",117.50849725450165,38.7870416769334,1,70,100
11938,天津市武清区港韵新苑,"(116.95495780603119, 39.264376112472675)",116.95495780603119,39.264376112472675,1,70,100
11939,天津市静海区游龙逸海庭院,"(117.01711857104954, 38.94960904492467)",117.01711857104954,38.94960904492467,1,70,100
11940,天津市和平区湖北路,"(117.2168931825663, 39.124672960049566)",117.2168931825663,39.124672960049566,0,30,100
11941,天津市和平区湖南路,"(117.21091837295835, 39.12013205402305)",117.21091837295835,39.12013205402305,0,30,100
11942,天津市南开区湖心巷,"(117.17569131367098, 39.12474953719974)",117.17569131367098,39.12474953719974,0,30,100
11943,天津市滨海新区湖畔家园,"(117.51523858820127, 38.92395189567494)",117.51523858820127,38.92395189567494,1,70,100
11944,天津市静海区湖语公园,"(117.16883850897112, 38.894055554400474)",117.16883850897112,38.894055554400474,0,50,100
11945,天津市河西区湘南里,"(117.24136643821905, 39.10418602306955)",117.24136643821905,39.10418602306955,1,70,100
11946,天津市河西区湘江楼,"(117.21582015663463, 39.10687145433561)",117.21582015663463,39.10687145433561,0,50,100
11947,天津市河西区湘江道,"(117.24056568868744, 39.104588140893206)",117.24056568868744,39.104588140893206,0,30,100
11948,天津市塘沽区湘江里,"(117.65060954550236, 39.04765010717451)",117.65060954550236,39.04765010717451,1,70,100
11949,天津市红桥区湘潭东里,"(117.15981754537884, 39.16650493289881)",117.15981754537884,39.16650493289881,1,70,100
11950,天津市红桥区湘潭里,"(117.1580810309975, 39.166459337106225)",117.1580810309975,39.166459337106225,1,70,100
11951,天津市河西区湘阳大街,"(117.24292302200672, 39.10147367969337)",117.24292302200672,39.10147367969337,0,30,100
11952,天津市和平区湛江路,"(117.20772866975351, 39.110939125947084)",117.20772866975351,39.110939125947084,0,30,100
11953,天津市河西区湛江路新村,"(117.20831409545437, 39.11019074197051)",117.20831409545437,39.11019074197051,1,70,100
11954,天津市塘沽区湛江里,"(117.65979786341119, 39.04411313469504)",117.65979786341119,39.04411313469504,1,70,100
11955,天津市南开区源德里,"(117.18016245839935, 39.134356492671394)",117.18016245839935,39.134356492671394,1,70,100
11956,天津市河东区源润大厦,"(117.27265073607899, 39.152898651543104)",117.27265073607899,39.152898651543104,1,75,100
11957,天津市和平区源茂里,"(117.21593397194275, 39.12856285122611)",117.21593397194275,39.12856285122611,1,70,100
11958,天津市西青区溪华苑,"(117.07601651079456, 39.12583976821371)",117.07601651079456,39.12583976821371,1,70,100
11959,天津市东丽区溪水河畔花园,"(117.27098060647484, 39.17178328365937)",117.27098060647484,39.17178328365937,1,70,100
11960,天津市东丽区溪水湾花园,"(117.27118559979222, 39.16742670279949)",117.27118559979222,39.16742670279949,1,70,100
11961,天津市河北区溪波里,"(117.23053682631294, 39.1566489052858)",117.23053682631294,39.1566489052858,1,70,100
11962,天津市西青区溪清苑,"(117.10065514449168, 39.133978404093305)",117.10065514449168,39.133978404093305,1,70,100
11963,天津市西青区溪秀苑翠溪园,"(117.09922396415318, 39.131139106172725)",117.09922396415318,39.131139106172725,0,50,100
11964,天津市西青区溪竹苑,"(117.06911689566407, 39.13141302883317)",117.06911689566407,39.13141302883317,0,50,100
11965,天津市西青区溪茗园,"(117.10273957259703, 39.12861931714784)",117.10273957259703,39.12861931714784,1,70,100
11966,天津市武清区溪语花园,"(116.93675103978552, 39.65958311363457)",116.93675103978552,39.65958311363457,1,70,100
11967,天津市河东区滇池里,"(117.24726605965583, 39.14798107797478)",117.24726605965583,39.14798107797478,1,70,100
11968,天津市河北区满园里,"(117.23152693864606, 39.16979984934725)",117.23152693864606,39.16979984934725,1,70,100
11969,天津市河北区满江北里,"(117.26132957139782, 39.16779335138174)",117.26132957139782,39.16779335138174,1,70,100
11970,天津市河北区满江里,"(117.26151902402988, 39.16578532711358)",117.26151902402988,39.16578532711358,1,70,100
11971,天津市河北区滦宜里,"(117.21591690413806, 39.19737245650077)",117.21591690413806,39.19737245650077,1,70,100
11972,天津市河西区滦水道,"(117.2282651913393, 39.09533534569265)",117.2282651913393,39.09533534569265,0,30,100
11973,天津市河西区滦水里,"(117.22793479457275, 39.09514031578182)",117.22793479457275,39.09514031578182,1,70,100
11974,天津市河北区滨园里,"(117.22436007762634, 39.1735009464677)",117.22436007762634,39.1735009464677,1,70,100
11975,天津市塘沽区滨尚花园（远洋城5期）,"(117.60606329390696, 39.04101097389969)",117.60606329390696,39.04101097389969,1,70,100
11976,天津市和平区滨府里,"(117.19957223538401, 39.131133928569305)",117.19957223538401,39.131133928569305,1,70,100
11977,天津市塘沽区滨悦花园（远洋城2期）,"(117.60310167047112, 39.04109476297894)",117.60310167047112,39.04109476297894,1,70,57
11978,天津市塘沽区滨愉花园（远洋城6期）,"(117.61224435446002, 39.04043887956598)",117.61224435446002,39.04043887956598,1,70,57
11979,天津市塘沽区滨慧花园（远洋城3期）,"(117.59925836017723, 39.042399225522274)",117.59925836017723,39.042399225522274,1,70,100
11980,天津市滨海新区滨旅景熙,"(117.82238397427311, 39.19038519938868)",117.82238397427311,39.19038519938868,1,70,100
11981,天津市和平区滨江道,"(117.20567936539359, 39.12993509314441)",117.20567936539359,39.12993509314441,0,30,100
11982,天津市和平区滨江道广财巷,"(117.20567936539359, 39.12993509314441)",117.20567936539359,39.12993509314441,0,30,100
11983,天津市河东区滨河家园,"(117.26079022876964, 39.092635750177145)",117.26079022876964,39.092635750177145,1,70,100
11984,天津市河东区滨河庭苑,"(117.25693524050412, 39.09347707916811)",117.25693524050412,39.09347707916811,1,70,100
11985,天津市河东区滨河新苑,"(117.26951933290175, 39.093080147879604)",117.26951933290175,39.093080147879604,0,50,100
11986,天津市海河教育园区滨河雅园,"(117.38457457211138, 39.00420702847095)",117.38457457211138,39.00420702847095,1,70,100
11987,天津市塘沽区滨海人家,"(117.64708935570042, 39.03760412037041)",117.64708935570042,39.03760412037041,1,70,100
11988,天津市塘沽区滨海华贸中心,"(117.6778769804439, 39.00607404286341)",117.6778769804439,39.00607404286341,0,50,100
11989,天津市塘沽区滨海名都,"(117.6645047147918, 39.05077873239355)",117.6645047147918,39.05077873239355,1,70,100
11990,天津市开发区滨海新城,"(117.7093387834726, 39.02732405644508)",117.7093387834726,39.02732405644508,1,70,100
11991,天津市塘沽区滨海新村东区,"(117.71524738796448, 38.998213405551994)",117.71524738796448,38.998213405551994,1,70,100
11992,天津市塘沽区滨海新村西区,"(117.71013513130721, 39.001281850585734)",117.71013513130721,39.001281850585734,1,70,100
11993,天津市塘沽区滨海明发广场,"(117.62349167842825, 39.0862392047678)",117.62349167842825,39.0862392047678,0,50,100
11994,天津市塘沽区滨海智谛山,"(117.68392455279816, 39.04722370444972)",117.68392455279816,39.04722370444972,1,70,100
11995,天津市塘沽区滨海欣嘉园,"(117.64885497518029, 39.133570088518994)",117.64885497518029,39.133570088518994,1,70,100
11996,天津市塘沽区滨海浙商大厦,"(117.67274352377657, 39.006127313306486)",117.67274352377657,39.006127313306486,1,75,100
11997,天津市塘沽区滨海湖,"(117.57517092674104, 39.14304881707367)",117.57517092674104,39.14304881707367,1,70,100
11998,天津市塘沽区滨海航天城,"(117.54224910776695, 39.12923106335927)",117.54224910776695,39.12923106335927,1,70,100
11999,天津市滨海新区滨海花园,"(117.83056798662177, 39.244803086709304)",117.83056798662177,39.244803086709304,1,70,100
12000,天津市塘沽区滨海龙都,"(117.64330704035065, 39.03261943860407)",117.64330704035065,39.03261943860407,1,70,100
